14693660
14693660
14693660
14693660
14693660
14693660
14693660
14693660
5719511
5336812
1431032
14693660
14693660
5719511
5336812
1431032
14693660
14693660
5719511
5336812
1431032
14693660
14693660
5719511
5336812
1431032
14693660
14693660
5719511
5336812
1431032
14693660
14693660
5719511
5336812
1431032
14693660
14693660
5719511
5336812
1431032
13970917
1869658
1869658
13970917
8823776
1145014
662943
7438687
14693660
14693660
5719511
5336812
1431032
13970917
1869658
1869658
13970917
8823776
1145014
662943
7438687
7155348
7187891
7135507
7594833
7581098
7581773
2824046
1893295
1893295
7594833
4731291
4723037
5818857
7581098
7581773
7155348
7187891
7135507
4731291
4723037
2434661
3895133
2184154
5818857
7748834
3895133
2184154
3779015
3779015
6263790
6249231
2824046
6263790
6249231
2434661
14693660
14693660
5719511
5336812
1431032
13970917
1869658
1869658
13970917
8823776
1145014
662943
7438687
7155348
7187891
7135507
7594833
7581098
7581773
2824046
1893295
1893295
7594833
4731291
4723037
5818857
7581098
7581773
7155348
7187891
7135507
4731291
4723037
2434661
3895133
2184154
5818857
7748834
3895133
2184154
3779015
3779015
6263790
6249231
2824046
6263790
6249231
2434661
7212197
3238865
3238865
7212197
14693660
14693660
5719511
5336812
1431032
13970917
1869658
1869658
13970917
8823776
1145014
662943
7438687
7155348
7187891
7135507
7594833
7581098
7581773
2824046
1893295
1893295
7594833
4731291
4723037
5818857
7581098
7581773
7155348
7187891
7135507
4731291
4723037
2434661
3895133
2184154
5818857
7748834
3895133
2184154
3779015
3779015
6263790
6249231
2824046
6263790
6249231
2434661
7212197
3238865
3238865
7212197
8109703
8114454
8158401
8116165
8109703
8114454
8158401
8116165
12758458
12387787
12322613
12331365
1694625
12387787
12322613
12331365
4268253
3963065
3961232
2000313
1602265
1601193
1878340
10020756
10224037
8253648
8286571
9545749
1912726
1968726
3906220
3906220
1602265
1601193
1878340
9545749
6343382
1912726
1968726
8456601
4268253
3963065
3961232
10722079
10020756
10224037
4981523
6237856
8253648
8286571
13688131
6237856
4436934
12753639
11230418
10722079
1694625
12758458
6343382
14693660
14693660
5719511
5336812
1431032
13970917
1869658
1869658
13970917
8823776
1145014
662943
7438687
7155348
7187891
7135507
7594833
7581098
7581773
2824046
1893295
1893295
7594833
4731291
4723037
5818857
7581098
7581773
7155348
7187891
7135507
4731291
4723037
2434661
3895133
2184154
5818857
7748834
3895133
2184154
3779015
3779015
6263790
6249231
2824046
6263790
6249231
2434661
7212197
3238865
3238865
7212197
8109703
8114454
8158401
8116165
8109703
8114454
8158401
8116165
12758458
12387787
12322613
12331365
1694625
12387787
12322613
12331365
4268253
3963065
3961232
2000313
1602265
1601193
1878340
10020756
10224037
8253648
8286571
9545749
1912726
1968726
3906220
3906220
1602265
1601193
1878340
9545749
6343382
1912726
1968726
8456601
4268253
3963065
3961232
10722079
10020756
10224037
4981523
6237856
8253648
8286571
13688131
6237856
4436934
12753639
11230418
10722079
1694625
12758458
6343382
14693660
14693660
5719511
5336812
1431032
13970917
1869658
1869658
13970917
8823776
1145014
662943
7438687
7155348
7187891
7135507
7594833
7581098
7581773
2824046
1893295
1893295
7594833
4731291
4723037
5818857
7581098
7581773
7155348
7187891
7135507
4731291
4723037
2434661
3895133
2184154
5818857
7748834
3895133
2184154
3779015
3779015
6263790
6249231
2824046
6263790
6249231
2434661
7212197
3238865
3238865
7212197
8109703
8114454
8158401
8116165
8109703
8114454
8158401
8116165
12758458
12387787
12322613
12331365
1694625
12387787
12322613
12331365
4268253
3963065
3961232
2000313
1602265
1601193
1878340
10020756
10224037
8253648
8286571
9545749
1912726
1968726
3906220
3906220
1602265
1601193
1878340
9545749
6343382
1912726
1968726
8456601
4268253
3963065
3961232
10722079
10020756
10224037
4981523
6237856
8253648
8286571
13688131
6237856
4436934
12753639
11230418
10722079
1694625
12758458
6343382
14693660
14693660
5719511
5336812
1431032
13970917
1869658
1869658
13970917
8823776
1145014
662943
7438687
7155348
7187891
7135507
7594833
7581098
7581773
2824046
1893295
1893295
7594833
4731291
4723037
5818857
7581098
7581773
7155348
7187891
7135507
4731291
4723037
2434661
3895133
2184154
5818857
7748834
3895133
2184154
3779015
3779015
6263790
6249231
2824046
6263790
6249231
2434661
7212197
3238865
3238865
7212197
8109703
8114454
8158401
8116165
8109703
8114454
8158401
8116165
12758458
12387787
12322613
12331365
1694625
12387787
12322613
12331365
4268253
3963065
3961232
2000313
1602265
1601193
1878340
10020756
10224037
8253648
8286571
9545749
1912726
1968726
3906220
3906220
1602265
1601193
1878340
9545749
6343382
1912726
1968726
8456601
4268253
3963065
3961232
10722079
10020756
10224037
4981523
6237856
8253648
8286571
13688131
6237856
4436934
12753639
11230418
10722079
1694625
12758458
6343382
12933497
12908819
13643077
12929611
13107458
12917405
12910393
12933497
12908819
13643077
12929611
13107458
12917405
12910393
5184016
5196448
5190648
7568219
7553884
4257453
13711654
13733191
13765038
13732374
13736020
13711654
13733191
13765038
13732374
13736020
5184016
5196448
5190648
11882165
7454833
2034778
4014117
565847
3218236
3213150
3397257
3229301
3222893
3217546
3223657
4693098
7568219
7553884
4693098
3050898
3050361
3050898
3050361
2034778
4014117
565847
3218236
3213150
3397257
3229301
3222893
3217546
3223657
10502646
11159150
10302670
10302670
4300534
10502646
8240249
1726160
1500337
11159150
12023142
11882165
10418945
10409852
6858570
10418945
10409852
8379136
6643302
1726160
1500337
14693660
14693660
5719511
5336812
1431032
13970917
1869658
1869658
13970917
8823776
1145014
662943
7438687
7155348
7187891
7135507
7594833
7581098
7581773
2824046
1893295
1893295
7594833
4731291
4723037
5818857
7581098
7581773
7155348
7187891
7135507
4731291
4723037
2434661
3895133
2184154
5818857
7748834
3895133
2184154
3779015
3779015
6263790
6249231
2824046
6263790
6249231
2434661
7212197
3238865
3238865
7212197
8109703
8114454
8158401
8116165
8109703
8114454
8158401
8116165
12758458
12387787
12322613
12331365
1694625
12387787
12322613
12331365
4268253
3963065
3961232
2000313
1602265
1601193
1878340
10020756
10224037
8253648
8286571
9545749
1912726
1968726
3906220
3906220
1602265
1601193
1878340
9545749
6343382
1912726
1968726
8456601
4268253
3963065
3961232
10722079
10020756
10224037
4981523
6237856
8253648
8286571
13688131
6237856
4436934
12753639
11230418
10722079
1694625
12758458
6343382
12933497
12908819
13643077
12929611
13107458
12917405
12910393
12933497
12908819
13643077
12929611
13107458
12917405
12910393
5184016
5196448
5190648
7568219
7553884
4257453
13711654
13733191
13765038
13732374
13736020
13711654
13733191
13765038
13732374
13736020
5184016
5196448
5190648
11882165
7454833
2034778
4014117
565847
3218236
3213150
3397257
3229301
3222893
3217546
3223657
4693098
7568219
7553884
4693098
3050898
3050361
3050898
3050361
2034778
4014117
565847
3218236
3213150
3397257
3229301
3222893
3217546
3223657
10502646
11159150
10302670
10302670
4300534
10502646
8240249
1726160
1500337
11159150
12023142
11882165
10418945
10409852
6858570
10418945
10409852
8379136
6643302
1726160
1500337
14693660
14693660
5719511
11771992
2549975
2548320
481708
9408812
2101619
2648685
2370285
4047945
6858570
1504038
4473829
6875475
6634149
8630763
8090401
7754384
3459613
1096673
11900867
9583195
6721476
762369
5713629
5755311
977125
1443005
1838705
1811674
1466610
2035478
372895
4322421
4320340
4322061
9409192
1401413
1473233
11927103
12090525
12087364
11157232
13612359
13434713
1524923
2447170
1669082
8080887
11935054
3057046
11838475
11818447
9671964
4353237
1840381
4862746
3246142
11783530
8799426
9220399
1722687
12280036
11194775
11194870
9852925
9851129
9879369
9850486
4159140
12873845
12874208
11745301
11710853
3615542
12798809
11795598
1904190
13262762
6405679
8367493
8356365
8368105
4940149
4937029
4948427
9108904
10036565
14205754
14101494
13590740
619331
11838858
11864352
14440305
1152300
2186230
11155222
11234268
8205856
7697330
7274407
7245778
7258522
7265195
9153352
3376634
5768820
1607738
3107310
5755228
10722202
10693133
1876064
1903141
8322003
5675927
4400915
7261334
1960793
1960981
1913116
1913254
6542435
2025572
3749698
1396485
6953126
2052805
11312880
11314462
1624716
7989339
10654794
10696384
10659294
10642528
10642420
10639132
10611264
5742134
1437190
7074282
7048643
2086478
1851357
5368496
5366194
5364150
914517
8984009
8093216
8110150
8096785
11025865
10994027
11132239
4680419
6776862
12058766
12070644
12073845
12056727
11397600
11944797
11937602
1154378
8682089
3727765
3042608
3042858
3042458
3062635
7737930
7736229
2117877
2038811
7499066
2150081
1108714
1304497
12585168
7398424
13292611
13262362
8820177
8760281
1879348
1715575
1761113
1497992
10108505
4285529
2602073
3133828
3132613
11291222
7685753
7677575
8741704
6698304
1696752
14620586
14615923
14604687
7792668
5202326
14509538
1341083
13738495
13274892
7594833
10746926
14270362
2868334
2855344
9916806
1481237
12746558
6941381
2388486
2494360
45120
1827642
6542025
6538221
6548478
8701371
2949534
2823472
10329761
10604633
2252219
8068760
8067883
3768059
3594959
3688573
13175441
7581098
7581773
5397255
10992765
11249051
7155348
7187891
7135507
6211682
1985570
6671273
8912543
11444516
889367
14132980
14131938
14134926
14135897
14073391
14133900
14128129
14131434
294800
11119424
9704820
9624334
9547462
638971
7394541
4821163
3978136
3982717
1853726
8407106
6210264
4899779
10764440
10816757
5929355
8654268
539606
2078733
10737572
13261761
6749359
6228776
6279036
6278431
6228178
6281451
1375642
1458426
11148694
1893942
8425916
1406382
3236141
2580432
3533961
10975963
10991962
10978708
14087690
9897136
12933497
12908819
13643077
12929611
13107458
12917405
12910393
12097717
6990973
8043358
1921873
4072554
12617622
7466646
7467048
2023754
3711615
2069496
3648818
3785156
3619522
3637906
3638911
2030915
10502646
6065873
5592257
1612654
3752013
4199286
6900704
7952260
3324947
3326696
1510005
4336666
7916511
10570522
4246764
1855676
958137
938826
937833
1210938
1033520
1199684
937227
941021
6475116
4463458
4486465
4460990
4465340
6047716
3785128
7120859
8056666
13028065
13026624
13030947
7996393
2310785
936592
936604
4424724
250302
8375976
8352304
8349200
1840163
6954919
6473841
6917972
1381051
3463119
11148293
9054756
9047155
8341669
5721743
12795815
448549
11394198
11391953
11955791
6009215
3985533
5614943
3418082
1975810
4222638
8109703
8114454
8158401
8116165
11295638
8381029
8379392
9537833
11448421
9815140
3080039
3123480
7562440
4610560
5374841
2618093
1467878
694263
1954821
10062523
8281157
7169836
5634297
2516210
1431517
4166613
11702005
11672584
8077713
3961913
4000086
12938435
8254555
9090366
6206669
6061955
638974
6087416
6079736
6068826
3834816
4943750
9303897
5396616
12462690
1173958
2029617
11017889
12270967
1432169
6050046
9315567
2070025
6576289
3437187
8579851
7636314
8032600
7637935
842820
1204811
8842383
8851419
8855981
13186914
13220751
2396119
2218566
8710010
10371130
10344168
10337155
258429
40893
9694145
8939254
3026527
1865987
13849294
14025704
2443423
2442109
1877344
1875072
1893362
1869770
2027694
1751380
1872662
1880282
13309162
13193477
3109223
4662238
4656619
7284842
836167
1443948
9018773
6370302
396402
346764
6443803
10162991
8252329
1409808
1697432
1336962
3542971
3797183
3796771
9847528
6645305
2470789
779965
780157
12804493
8943169
5277990
5499380
5493695
12828923
6957589
6961937
6954106
6955616
11359744
1811350
11659900
4241437
13629071
13584096
13626381
75014
3353749
12866748
10133060
10614842
402380
8577089
1302337
1240452
1759821
618442
14328260
10103977
1123784
1032122
3660008
2003428
2014449
4947060
2769391
10754007
6308096
4644861
848093
2726973
492866
10064881
8668765
5349551
5646635
5352894
5689466
5654284
9704505
9695615
8346773
9372580
9418591
7420275
7211182
8239374
11484188
7397150
7807637
7804557
7803667
1584600
7905561
2926905
9974421
9961171
9278828
5112255
5106512
9651297
9667233
3585010
3587713
7093577
7648542
7633623
13970917
1716466
924947
5275825
8075575
1643386
3838307
3590231
1145014
1576901
8176104
8186276
8187911
14435299
12575178
9629741
9653475
9975288
8074164
4479216
3513679
11144779
7168804
7169374
4032236
5475362
4598147
11281906
8543212
8912053
7804653
11581325
3123783
1942653
1943149
13203632
14480949
8213977
6977203
6982342
6973392
6990532
6057305
4033919
8716020
11754795
11588025
3795765
10012217
10227998
13929659
13909243
13898017
6709990
3056155
6261271
6261755
123089
200031
10317924
763295
6767288
4483806
4487063
1889215
1884325
12495777
2068381
5014111
5042800
13838669
2593812
8358340
9703057
4257453
2275129
2274173
3349227
2382300
10351080
8789643
8808116
1293854
8911683
12168184
8938871
1569925
12463011
9935954
5539973
5535036
5540655
1170144
9290308
9290800
6769298
14102614
13214638
6237856
12737389
5872921
6891718
12004651
13232496
5671128
5676921
1882420
4805950
10620791
4123982
978769
972106
9990326
10260020
8079106
8076711
8053602
8077621
2476094
3075328
9032629
6942618
2824046
9147351
4484792
7441150
13314217
1021864
11226193
1395267
5340293
3371034
5015399
5047265
4316918
8669061
2012836
489840
2648851
2480593
7702469
1772361
4555351
4515973
410240
2908344
4025012
9213605
9117778
9129859
4059827
7423646
2300356
13895349
11389248
2246471
13665255
13603403
13559486
12124228
12128713
9189594
9261980
9192005
9178800
5155182
5150491
10749558
10722075
4126197
2474635
9195641
9798307
9764215
985993
985986
967250
7361988
14191238
5371834
10014158
10233073
10625125
11911067
11879945
9998732
8240249
9822325
10215592
12714762
12715478
12720578
12716961
12716001
12724122
8673727
2089265
1527207
2481989
6329538
3088103
3146004
14305756
1949979
1365464
11690539
11730288
11729807
662201
9441622
1365255
3121090
9451704
9459269
5175321
5211947
1929422
7214412
7194719
5194885
3542387
5944741
7585942
7586550
7584410
4187014
5402698
730180
6526480
12396789
12682834
1900655
6507165
11456336
6506474
1805215
1810353
4072638
4074470
4421416
4417388
9466054
11944054
3588604
8990055
13051693
4986274
7411003
10618996
9018662
10722079
12519757
12511425
3304979
6402282
3390782
1081252
10509921
10517288
6202180
12127918
12144191
13340260
10571790
1832151
6570324
4206741
7172077
9112837
7807977
6443548
2634205
8599107
8587302
1371886
2031661
1792205
145381
2398936
4649522
9024974
9486317
9911894
5475750
1846377
1931409
3074866
3098414
2963316
3076090
2801218
3057119
11571499
4944030
4286701
555031
2969219
794528
14056222
2248086
4977354
4992219
6279593
8023315
2025210
2029907
10130042
1747859
1746654
1945370
8410665
7768315
3934980
6834673
5696879
3775059
5294856
11360569
10296875
1545573
3577209
8034116
8043333
7246068
7222394
3245220
1358439
3890952
7284099
2302371
12188923
9292272
3010113
515560
9742912
7710386
7751401
7715533
7037434
1402868
13876804
3500293
11670607
11652629
1516169
12387787
12322613
12331365
2094753
14056957
13387771
1024413
6701661
9754043
4524247
2461842
2460764
2438941
5503621
5460040
1516064
9261554
9263379
9287407
2457692
2456241
6759966
891177
5400013
4909148
5084235
5407825
4965457
4721222
6030471
9367428
10642957
1421407
11702472
2611303
3207028
2994995
4974313
901489
4348436
3478388
4202303
1764650
9599717
4536886
7472033
7476580
3929595
13983556
14004542
11523592
7897658
6612385
516840
449689
986083
6301729
9778027
7704854
3206977
13724917
7002394
2560322
2559352
7454833
10727105
6950950
6949999
9537141
9516215
9455975
9142772
1382487
13130599
12925579
12915014
13381908
2901600
1551579
7817578
7804750
2307134
3895133
2184154
4730051
7595815
8113210
8116431
13616885
13617258
5084714
5050762
10521891
3391969
1735196
2037361
2035410
3409460
3395804
709567
719568
12793327
12803654
12793230
7731536
7729781
10550230
1115325
8863513
2153344
8010338
2274428
14048769
9505226
9636506
14027702
9355440
8278358
9831596
7796099
2955779
12404251
6692950
2561025
2541192
3376160
3104437
7477721
7694886
6458364
1295510
11492934
11495508
11503397
11497593
11492899
11492107
8018877
8020610
8022292
3621768
8019763
8021498
8020257
6441163
9498359
14138050
8632125
9560640
8006842
1345155
6156652
10472863
10471108
10471498
12116801
7891975
7884903
3450137
7851281
8009936
8000249
9166061
4222432
722689
6128946
3405728
4950435
5012323
5047928
5048481
4948553
4967686
12685655
11624884
8786142
8738618
1331318
3091335
3173190
2419353
5396174
3290388
7616173
2010551
11057589
5276544
10642819
2955180
8142616
11993439
11965835
11964743
2071630
6514045
8713378
6468981
2979306
1820945
2241050
9521440
9529084
5244608
2415832
4140170
9431283
4949520
1668808
12232112
12250096
6464561
11059156
10936703
13865354
9405170
10870627
6981180
4927493
5327236
5050214
5068227
722820
14317791
8514026
8460883
8477272
7508589
7620890
10696360
3227712
7981505
113224
1931996
4011890
4004239
5632222
11370278
6009981
1694625
6417859
2792910
11433467
4997518
1229
1752008
9152592
3210389
11018039
6228605
6212670
6213761
2841949
12805429
3546229
3494843
6519872
6521128
6521135
9445815
6663268
2224029
7109845
7019308
2034553
3092194
3091675
1410003
626320
6130144
8522452
7416337
5432659
5432185
8729919
1372318
1459708
7602428
6021490
7481680
13720576
11512423
14116292
2387141
7356790
11396955
11489346
11484549
1756847
833674
8258512
10685133
140809
12258485
8955816
8956033
7937623
7932560
4597536
7967887
1971445
11882165
7075458
7075135
5234818
10648893
7862368
3393718
741584
9510610
12988423
4861538
6810127
1799764
4013434
1543797
8508329
11159150
4204572
5704649
11698062
11728659
9924880
3479224
6611671
4334318
637378
7021300
7021510
8273342
8248963
8259877
8240661
8242963
13002715
7755516
7772645
7772079
7757696
7758040
7759986
7760660
9245970
6627653
5239702
8247792
1641878
1641949
1641175
8143397
1339738
6658464
6654196
1044066
2246188
2233935
12575804
8472821
5561882
4506552
5468270
3481749
4785555
4788890
8183491
12281363
1828353
13711654
13733191
13765038
13732374
13736020
1534316
4959592
4272766
1249960
4885434
12479399
12570600
12422333
9695540
9741589
2603115
5619122
966155
8375153
3184788
2387108
1751653
10293379
9405159
2589700
9055909
3108134
8606477
8609141
14187387
14198770
14196101
14202270
14215193
14196265
2452378
3963233
3847301
1510853
1658865
4436934
6434927
2287916
7002654
5644122
6121524
11813349
11743394
11744174
7753661
5779320
5666020
5801008
3159860
3159712
2830644
2085773
8949513
8956463
8973308
8947911
474983
1418374
13133011
313434
654749
6555578
12304341
12090984
2301468
588628
4194581
2752885
5184016
5196448
5190648
12225174
13796050
13878432
13860990
13835594
13796096
13836604
13837248
7828993
7344821
4211912
10176125
3084816
11561003
10210192
10026257
4186344
4511031
3715680
3136056
1363140
7678784
7709305
7707815
7707739
3920158
13691380
13691683
11943299
12018832
10583456
10583676
4678328
6048433
6043870
6040284
10046375
12396275
4485812
8095925
8106959
5355444
6687052
7861419
12023142
1991803
1647611
13896403
13920449
6241620
8932479
1530345
7920159
3113457
6644138
6643187
6343382
1996900
2105190
6376214
6386053
6395842
6373321
4726635
6488574
6497230
10284551
10250908
7198916
7196976
7202213
7199713
5829580
5510739
10743226
8341473
8341801
8340499
7920222
6612965
10799491
10781837
2705445
5782519
4224512
4225802
11245820
11249198
6983577
1847895
13143336
2629175
2636330
2634605
1869658
3097851
3094878
3143842
2053161
3081684
9694822
7616973
4803587
4803476
4809364
6166399
8885076
2072845
7086703
1726160
1500337
1190544
401534
1121521
1439358
998542
3594900
5052300
14440887
9269805
7697196
4282189
5092947
1560424
4338444
4354376
400021
13599938
13505884
13234623
13439483
2432632
4287432
4481495
12194243
4505546
3853809
3592623
3592631
2844317
5981147
7248060
7781564
1871185
11401822
8345533
11970171
2064911
1067199
1513564
2113878
2114644
2114421
2116006
2190894
2700570
1665099
8843268
8922152
9804633
8898656
8848046
8934469
8944313
10535220
14366499
1875834
11421227
10213499
14080772
14088077
14055374
5189438
12537726
3216890
3296803
12578233
718334
7138893
7139161
5428234
2294573
499355
6526515
5479340
10898436
7681201
7681820
2286734
2850158
9336612
9312806
2357045
1489319
1362474
6450709
7323401
7169178
6452340
2935106
3214999
2533395
13859923
13876450
7005734
3967432
8440984
11503983
9024204
9021605
1619524
8002331
7327460
12394204
1728170
1728258
7691972
9526045
8619689
8616761
3966547
3138800
3140968
1762495
109475
2480559
4238399
4236670
9463600
4719675
6350114
6341224
6337445
14153355
13011012
7550864
7861955
8253648
8286571
170509
7298103
9919425
11494192
8824007
8826495
9361997
3423057
3975691
11347689
11349440
4717772
4679484
14516342
14509065
14514189
14506288
10629372
10642338
10572827
9098062
9073392
7028234
7022888
139668
6466228
1813706
10690569
2660651
1293556
11900575
6185080
1430540
1490154
8231470
3730314
6180274
1803225
3758592
5725444
5727829
2737744
2542844
7465165
8247022
8246870
7905488
7937813
13017602
12661796
12617470
12620177
8759264
4005202
10469891
8599220
8595604
8595468
8015234
3775611
14503893
1431032
8069906
726073
3984577
10319539
3698162
7877566
3690281
3700346
7855614
5902107
3038050
5644557
2019276
5948935
8003877
8003919
8052090
8033881
3828584
3831298
3829021
4268253
3963065
3961232
13453756
6756007
6724383
4397129
1934920
2040395
1709431
1913164
1908846
1775337
1913978
1370608
1911090
2486514
2474163
11294378
11291893
6176045
10067509
14506035
2476527
2307878
790584
1854769
1855711
1854753
11339593
2108939
5061014
10418945
10409852
9434487
4410846
4412930
10968842
10888498
5498851
3805361
3031388
6106339
9223419
9226492
1513844
1460391
12428800
12709011
1287137
12096260
1790026
2333608
5273165
7381004
3489208
14561651
6555261
1432866
5769949
1868253
8504042
8343684
8345010
8346219
12644251
12684346
8193166
8215476
8174656
8230686
11457648
13388971
7914570
11958783
11927521
4216197
7745389
3040924
5273294
5290163
5268773
5279912
5761781
5209231
1002193
4449423
10732237
7501161
8824691
7216068
3872481
2333173
7547582
1682478
1669108
1503825
521801
8155737
3407676
3500881
3500039
9420428
9420320
9424149
3526347
11815540
7075276
1140370
10037449
2296781
2287957
2845700
11247109
9267956
2742179
5730579
5235966
990093
994215
6626096
4856972
6703390
12529655
8109633
8109877
8146781
8111285
8109032
8110786
8519123
8788469
8991862
112451
8722107
4390320
4396546
13717485
620245
4303936
2050454
10794900
6116489
2697911
6522121
13350990
13375394
13402232
13374191
13375165
13376720
11658660
5808335
13797833
13798735
13845840
13833758
9058523
9063514
9064822
9083235
9065395
1876984
8854343
6610783
11426302
11373864
11427793
1469444
6286943
6432064
895863
2293464
3954243
10839755
3915800
3923779
2449006
13571404
12258024
7149216
1619677
1379519
1144553
1041720
1636584
2317557
4077436
8224502
5775902
3233649
9117489
9384113
8731872
8727764
8726230
4222350
4228606
4226533
10237847
8935105
1128126
1128117
7886389
13430087
13301067
8764464
14281430
3142347
1115893
1126998
5367843
5365725
8000064
3420723
3373639
12204637
12113487
12585098
2766870
1777520
8769684
7784378
7213991
3010682
7215821
7226104
425607
846037
5809934
5814075
406016
406008
2471482
1373098
10591493
6679238
10987714
10985403
10992329
10983838
10982762
7550223
7532486
11538897
10682114
6429549
739272
781128
780931
379017
715987
691227
1717735
372782
782406
7615430
6285990
6278008
6253277
8552477
4300534
803671
2215153
13072206
2410509
11862186
11823550
6552595
2843833
4835688
3112391
3119145
3114308
3303029
8566397
8610477
8533797
8600769
8548705
8582127
8600301
2984847
11352321
3698107
12286344
12347826
12374914
12287097
8456601
10250478
10141497
9034023
6432613
4678486
2052641
5081075
4446211
2230693
7586240
3827671
2460018
1772961
2415442
13408831
8298534
4719618
8052146
8767381
2873113
2043839
2044038
2077052
8642508
8074789
2253009
9208674
2218747
7933417
11427576
5042036
4441011
9589584
9518073
9547536
9542112
9579623
2834156
4802213
10707985
3636459
6464929
6457488
5395987
10240362
4075965
1930903
3142897
427563
7514697
10713891
2549461
1952550
2069786
3961572
3787443
3786049
3982998
9669076
820218
7522174
5157331
13728807
1209767
653793
6336565
7848506
12660593
13382268
2435949
1349535
3335852
10154176
5101823
1045571
8160024
8162504
8163783
2768303
10647658
10650719
5237049
3618549
392147
2662144
1500166
10597570
7345768
11132957
1764904
6200869
6207099
6179857
6171635
6230639
6199608
6186237
7806539
3591383
5219435
10223827
782900
9647207
10454630
10470539
5146234
4831309
8768299
8104982
1894133
3237957
2783373
3183478
3426867
3924437
3186849
2119058
4019008
10133021
2352969
9988959
1621313
13823452
3964743
13516672
12836339
12836176
12838338
352589
2997920
46086
3668419
8102606
7118620
4787639
7356931
7358277
13812080
11737441
6926343
6493487
6491907
924930
1167857
6761557
11728541
10700628
3434383
14036757
13935120
8969921
3063228
3064366
3065114
3040548
2669398
2081834
2082008
6926554
2321248
6857237
3103654
4241312
3004485
6401230
6423596
5429655
1352585
4315024
6023221
6168476
6184998
1984014
6175699
9806449
10104186
13545967
1040799
7679576
2785185
8063457
11564001
11587176
13277198
12732226
12750445
12657836
7641681
3850662
3087765
1188325
13657542
13657969
2141167
2727732
5687762
7693099
3348814
6065656
11966337
1574260
2507728
2948403
1574987
7060733
10691383
11139100
10745078
10624142
9842368
9077275
9098508
7979780
7974054
5389624
13006130
10375755
1339883
1326725
11717527
10255841
10280676
5755673
11864552
7340314
4868940
12560541
2388376
2563715
2388037
4098898
5495818
3184999
4103007
3189630
3198817
5106617
3630324
4647296
6035028
8201443
383526
4330125
16592
5885482
10526066
10771210
9065538
8426450
12344317
14260264
14248164
7003779
4433483
8164358
8165205
8163184
8226195
1316231
1317195
1386978
14299630
10402139
6019566
10346801
12733434
12736175
11060749
8633408
2017594
2232076
8219851
8226877
11609711
4186804
3107109
8258372
8244286
1972846
11645090
4000277
3778667
4000510
371616
6982453
3566629
4607506
5458736
1493201
7457409
3401250
10142382
10205410
2793366
7319964
2194666
14329111
14364599
14342488
7635138
1192386
5728955
4151830
6647517
11924602
6725707
9383297
2647017
7803315
2318261
2318532
10574799
9302621
9300649
9752477
9741753
13762281
13763943
5951642
5952316
5278978
12357553
6083998
6078349
6069389
10406792
5419484
1719346
14059721
3618091
11205345
3231443
548134
10652294
10511608
10523989
10897872
10653247
10508446
10891292
10898725
8919110
830680
6938174
6937217
3730075
3779015
1309180
14412799
8222926
7932162
7943934
7990414
7965514
1863280
7704579
7704393
8121986
13221207
13242671
13484775
13272904
13272857
13294896
13231918
3111293
12674101
6254081
3521810
1396658
3521376
3523697
3238865
5302140
7171384
7191718
2844908
2844475
2841385
2837154
3313167
9038351
9041800
5608492
7695843
11662703
3445240
11670233
3447147
12263647
7983464
1110966
11419915
9328773
7999595
14190367
10604311
10634071
541149
10431209
7632850
14450691
2179111
1591752
2477193
3499018
3499312
3490280
2303277
9039903
2873427
5502719
2446834
2446978
706919
5211196
5218693
5201830
1795552
3075753
7472904
12661838
12826408
8625049
236070
4602796
11911322
2849449
12599308
12594178
4097705
6412644
1249686
6183905
7295229
13658388
6241976
6054204
7254245
11163457
11163446
11296708
8555661
6410171
5432133
5435875
3433844
11403384
8256317
10730384
1643139
1627378
7260977
7247773
10169040
10516699
10480792
10517126
13317618
3807388
12101811
7857609
4403134
10044787
11697732
7500891
2152489
2631581
881356
1491760
12229359
8063592
1602265
1601193
1878340
2796836
3475278
10020756
10224037
13365568
11451356
7936568
7927305
8432857
7149385
3699485
5168476
5291548
13630070
10769134
1844322
3973704
1658382
1407492
6931725
1514009
1407650
6981835
2259609
3072716
1279429
12209063
1302304
7269102
6288994
11285680
8214835
12219160
12833982
13860794
5168616
7592991
7604892
7588847
5064543
5699550
3597747
952382
2321292
2308114
1088251
4751771
11215520
11381058
1633738
1733438
5229483
1428376
1427907
8379136
1080858
2257238
4719060
2140087
13556112
10876444
13088130
1948081
1947951
10185738
2928440
2488837
13762029
2012883
11079045
2656339
13675688
8131899
707324
9023946
9026054
4171945
3355083
1532636
14534830
10644160
12842378
12817786
12793773
8552979
2875267
4462808
10221109
10271782
10302670
2202196
1892031
2500520
1639190
1959879
1701460
1639775
1694854
5030776
1049022
11692579
11693788
11792009
11730342
396754
11494797
5686061
1506095
789599
1958286
855876
1888818
1883623
5863219
7709877
7711455
4087954
4087892
14490239
8750305
11083305
6248401
2980184
2202194
2163505
13548483
1490785
11878533
7064585
7064719
7073141
4315508
8250992
5044676
5962029
7502904
7510707
7541701
2092142
2654172
2529306
1895105
3694361
2213885
2214905
12418942
12417969
1182752
1147284
1182875
6229565
885739
872961
9291312
2630280
4261156
7937139
14139606
2566307
12003575
12011245
11990971
2341516
10333091
4364402
6391195
2998656
7031462
1318252
4548934
347261
5678989
3076219
9845363
2619445
2583614
10429234
3068303
7791221
7743897
7714396
1413644
1975619
676450
6861994
6861553
8790913
13035369
13041939
2150063
11948929
8271607
8754660
7142001
7143847
7140917
9756493
7852164
8602216
5901148
5892105
1519073
13656417
13653506
9829065
11564331
12815760
3558650
12181995
12183037
10183753
2565462
1633065
11817870
11826918
12805721
11175744
753462
4960213
1975198
8832730
5945244
5947206
10400400
7532092
6889481
4039901
13603182
14312009
14169987
8823776
2230678
5719511
7270704
6439278
6990348
8149674
2425050
1411394
7785436
7857698
7850526
7829383
7846014
7887025
7801075
14315943
6761040
9682501
10144752
10119221
13105330
13073320
9151040
2764379
8664236
12949938
10324604
2122276
4752697
4908151
4918869
4908220
13547777
3840800
9783604
4873864
11101952
7774801
1820290
9790701
11893915
2768267
1449344
7650085
8463082
10765638
10918659
10787812
10742019
11406393
5068507
1939910
6162250
6181088
6973722
3751964
2055844
2845378
2066358
1649874
1901138
1910000
1973824
1642647
1648607
1913662
1914412
1917855
1909607
1643622
8706356
1953861
5384246
7272568
12999148
13037326
9926403
8459230
10639859
6071166
2548895
2359487
10423984
997196
6834462
1971936
12652126
7347005
7358656
7337962
7332678
7336178
2247784
9544572
9543568
12213897
12218797
10585282
10599712
6386884
1381066
2267012
6331207
8290342
9508418
9356298
9507569
5247093
5273765
9903290
9894549
10113826
5437224
11521856
11506946
419851
13484640
3859060
2338697
10257960
1708121
613697
4230404
14383073
9088149
10518947
5770832
13121649
8343180
7074466
3377870
8581235
7922044
7743697
7758481
9421548
9084732
9123691
9440408
394495
4831218
3603496
3611375
3596535
3595314
3595328
3596341
3539474
9871423
10502327
6877981
2808607
5499261
3046614
2783440
8123024
8068053
8176314
1044075
6395715
9622479
7161633
8202566
4441091
11039543
1704774
5045943
5080755
5044402
5046913
11716489
7425667
8918510
241860
704265
4788249
6428875
6263790
6249231
3356558
7632664
4630467
6261312
1256513
9515768
9493139
8713030
1432826
13874016
13376845
12708467
6110562
6117156
6102368
10577412
6633001
619779
2721750
11778564
11756381
2991297
7275970
2560140
2560014
12920216
12799514
12919358
12930379
12912838
8541597
6575695
6566997
6576835
6575508
8398344
12954116
7904968
12895183
3662458
11757790
11974418
11427661
11476871
11479468
7968994
9063748
4018809
2629881
3293161
7990255
65117
4126799
65137
228141
3786795
2408145
4363562
1725880
2437291
1344412
9082307
5327727
5321125
4830394
4821852
12982932
6103450
14289918
1487200
669494
2112219
9196649
12011040
12930757
6357123
5870250
1227300
3396535
13743872
6992035
13667468
3487304
1970989
5283830
1099703
5588429
12515903
1689547
3453045
3452932
3543834
9862692
5551611
2453675
1690727
1260392
1257951
1257249
1255501
5032156
12672306
12678747
7342107
10723411
2027337
1838485
466870
1974721
2784153
3854046
1065102
1351076
11208668
12878466
2000313
8217731
4851493
1901067
6368098
1054179
7079296
6260370
743003
6188512
9044518
4244678
4246729
6693040
11787060
11747115
11761665
10614838
9265960
8923232
2224202
2034778
4014117
565847
3213150
3218236
3397257
3229301
3222893
3217546
3223657
6265897
7629709
7445375
3812661
11727265
5022347
4362412
7309604
8922584
8859374
6640749
2668109
7020584
3021915
7956959
7950716
200883
6621649
6633588
686041
452313
6395625
6397177
6396080
6417789
6398316
10786466
12682840
12681013
1697169
8057535
2249752
9347232
7682415
7681789
2585018
10411743
12100330
2857504
2858097
7607714
2039315
11318744
10713097
10711774
1588293
4074288
5874333
5776458
9162667
5778663
5778381
2089995
10563567
10844726
10541786
10562842
10575626
8644150
8785432
8645549
7048404
3820860
12612716
12557562
12598928
3223666
3223774
771271
9514633
9521377
10945671
10957163
8879733
6019782
5511845
12544017
11358222
4598718
4731291
4723037
7788386
3140842
14348246
5413747
5409737
11389477
7899866
2962644
1353312
8245120
393146
7743849
7584262
7750783
8163115
4521019
4514098
4822950
4840126
4820522
4789038
4780485
4820125
3842117
2846716
2726972
14076602
1282928
1098678
3991582
5578502
8542812
1961916
1961186
7245521
432451
4798251
8930913
2298505
10339183
10337993
10344317
9426649
2621347
9979424
9943575
9974984
9076159
2457329
7787985
10939410
7612265
3564394
4806214
4814131
5006086
4863681
4948414
2031044
5707059
5385344
4507180
4384850
7985906
4782339
4250828
1604550
6955305
1843152
1844151
1843516
6806562
11900417
11814479
11854889
10490910
2787440
10641316
10642418
10646898
9691210
9698361
13785495
3389836
7858820
789366
1081924
4550179
11359943
13575898
6153090
7380861
1516239
2652181
9468024
4283435
1397097
2906386
1561120
2469534
2456467
2452114
6807298
6800462
6802769
6796661
1208079
10420002
13621304
13617317
13622878
4038619
6926724
6927679
2026302
3476920
4729506
12993952
4025657
2398833
2398597
10809455
2332932
13794447
9880021
5827263
8098626
2870858
5794727
6732541
14693660
1493985
1471380
703658
1298641
1219906
1192984
699707
843464
1173594
1699816
9582796
5923092
3395030
11644765
6433813
3278107
5356344
612710
3188244
3215536
7320107
11634504
1369842
1376132
6909340
8008592
1874521
1876673
534984
2023689
1367009
626549
12262912
6302007
1848155
13676041
9230747
9153489
433962
10411721
9748859
11656702
11559503
11555754
11539176
11539615
11539051
1900211
2619759
1927265
1406412
1406738
1254385
10862802
9471943
5336812
5762659
4744854
11233324
11495078
2129258
9093516
3717206
12164108
7752931
8018494
3580352
9867374
11236143
3207776
5467795
1937392
1443092
12770839
7593482
4973986
4983292
4975484
4975982
12752227
2763212
3445941
3696896
3289728
3242158
3261056
3666938
3242970
3242650
3244030
7457284
6238159
12635101
13581400
1452947
2529286
6165385
3542225
3527668
6621794
8528699
8532418
9796956
11915303
2540394
2526824
2533747
2533778
1029946
2893396
7713119
4344121
4139037
4982861
9363861
9383146
9355343
9336208
9353810
2985307
3303558
8976698
4332440
6390272
5117873
11889896
1568949
136545
1908815
3921274
926542
1864512
945518
3286161
6705357
6629595
11282495
9178411
2538178
2213041
1770877
2802021
1771022
1770777
4395509
5117085
248486
6020569
2273674
12821485
2645385
1933629
3666559
4877103
1773223
2516279
9038597
2883753
6899354
5818857
8345413
4768273
1479428
13041495
13036738
1748945
4147194
1547944
13369016
8330474
9345242
3101884
3500568
6644984
7686462
7699589
7988
3645585
7208065
13412251
13407833
5548929
7653234
2791596
2411191
2953401
3643687
3032008
10718191
8387857
13381833
12877717
12855822
5903121
2832138
2837207
11890183
8910304
12872582
1712244
1229746
3928518
1015078
178666
5645580
6501919
6133077
6311498
7286111
3305352
9012210
9007308
9010135
8914474
2709229
3425238
1008164
9047780
9043027
9040845
9041692
10835932
10824008
14446632
14556766
677395
7705164
7774434
6227323
7698579
6250178
7775522
1251125
6142780
11555199
317585
7038235
1985467
1825795
4964755
5189857
4937817
4072903
8145948
3068439
11850098
11844552
385509
11268862
11244559
2278207
4285445
8199958
7808284
1210524
2593616
2948483
12304045
1971050
1970861
8887004
8844571
8841945
8841826
8886243
8854592
8839756
8846138
8734361
10616420
2785522
537261
10253692
7587019
1268514
281232
218572
289752
4059499
4078669
285390
4021592
3194906
7665358
12293555
4981464
4983264
12489365
5841110
12121744
503199
11341978
11388787
1907414
5219350
5527972
10759790
10737003
3648830
10645511
2466197
7219473
10454471
13450321
7786287
7015376
6916297
6890641
100968
3716249
129350
3342875
3707597
2167670
6097322
8046775
8057580
8059008
8048861
8049915
12048341
3734388
12420501
3494891
4523220
4498663
13183445
9681001
9587266
432753
6468515
9485368
9253498
14160187
1618727
7415338
7498120
9406725
9407114
3169196
1202091
2823993
3527424
2901521
2825464
1200216
2762928
7675428
6549532
1220259
2952436
7546795
9509884
1546976
10879242
10426900
2275417
8088726
2278695
2264987
1893295
2841536
7795828
9068811
13699858
13637502
5141892
6183161
7388370
7405021
4549995
10656231
5607743
4985688
11968239
9708788
5086698
5074418
12921627
2402031
3944908
3951208
3945044
6254963
7839753
8925053
301737
6402447
10458171
1114787
11457118
7545938
14588357
14581870
12640031
12691124
883251
10497665
1659803
6876855
10524143
2283022
2434661
3540944
2565193
11717008
11639500
6660493
11880029
9948866
9986405
9960704
12283566
9596113
8073188
8308303
8009712
7964648
8087912
5392294
1183240
9827695
5874876
14616510
1209149
3858127
8753635
7434547
3491167
5748865
7010657
6207021
5734269
1707089
10687241
14517821
5159702
9887239
9889074
566716
30432
12230582
12359981
5309906
5314313
3448389
3479970
714620
5459288
10648961
5773708
1332129
1030500
11905893
7727656
2019110
7197505
7149117
7805608
4284674
11838627
11841966
2034805
5278131
5277945
7011362
8660890
3691279
8600873
7970899
6412564
2766485
1811999
4053142
7777516
8134740
5098146
6470992
10951576
12478030
1391717
13688131
1378113
1449657
3586902
14503847
11871295
4174436
1330467
5511816
1330487
6676794
6628333
2262340
11807249
10779989
2812866
6707394
7597280
13328876
9838333
9691916
11741945
9639126
9643477
9692946
11207983
6630983
7405821
7402951
14091069
2627789
12441907
12351775
7775568
13966747
7874635
7367364
2118495
4947047
5924547
1570459
1571020
1570964
3906220
13594560
13166009
13160453
13171594
13171056
13168355
13157307
13137442
6267557
8484686
2327343
3197700
1822105
8087691
7884773
7878769
7723350
7728111
10085921
4514830
1107561
378812
7158528
7158426
3049314
6013003
5998763
5998597
6000910
12061247
8042605
14124358
4169144
1659339
3405096
1530105
3378484
13693475
1772895
1801372
1995051
4174958
2666710
1996753
1773885
1513889
9775764
3391595
9598186
6187886
6202636
7012590
4491125
11048997
10012166
9375716
9382225
9389491
12077774
11039662
11044282
10995763
8936616
14578013
3964519
13493524
1488171
4865204
6194556
6195826
6195255
3625609
2218998
2220868
1675754
12753639
5974905
3283395
6448548
3689131
13819293
13798159
4516691
4519292
7568219
7553884
5827200
5869383
7084896
7004033
9551007
4927193
14284838
13867863
13883096
13885245
13885014
12824490
12817010
12830649
8661405
8180321
8177626
9785836
2815962
7323152
7462881
7436535
7436387
7437070
8789691
8000399
5528237
3313355
2931329
2251050
11126164
11128102
11127048
8516686
9892570
9811686
4043016
7291369
7564579
1021116
4996763
4983537
9868438
3636375
13156
3827998
2344435
8560987
8562396
7438687
2202763
5564953
9356030
9320818
6194059
7890179
6663650
6663562
12331022
12333974
12428133
12339262
12366682
1335401
1114383
982025
1057967
5102170
10342510
10337253
2150718
6987698
9214376
9213296
1900096
12701216
2232685
8680926
3821462
8454442
8157503
1423504
3134563
3859129
3858120
4027091
3859192
3862960
3858166
7779632
8446166
8545972
10847176
2084069
6817736
1510730
5935394
8374567
8377870
8354516
10495740
10523101
10487490
10540067
10484572
10499228
10543319
10561675
3678526
3679448
3655228
9068396
9049455
13933243
5119300
1192752
1340980
12766574
9818748
9829163
9839960
6224737
5494480
3036478
3037352
3517238
3518333
3514478
3519268
3518668
4981523
8802311
2601344
6069160
1892602
7138898
7431230
11156765
992847
10452547
10465667
10451062
10467745
6277227
959487
9477910
1598567
7598894
7601002
7586579
6653651
9193539
13670633
6840961
13800085
886672
3885558
13957489
9677136
2390603
10107038
10136908
11228323
9002714
3674409
6580130
6530410
6493097
2289390
2289394
2289425
10546758
1728289
9203926
164258
7172596
6485358
6483931
6483633
6480460
6487179
4822645
4826338
3294646
7233661
7219379
5008565
2492007
4351932
7707308
7705242
3545665
6481311
1853543
2225690
8148392
8113998
8131154
7212197
5970091
7095151
6786255
7093391
13196103
13205360
13196317
13895645
2393806
41354
2079890
1551537
9159545
8035256
13337872
13428602
13336059
12920702
6269446
3836803
9196924
9203188
9198020
9205926
3028000
3811428
8143788
2741423
2231550
5931761
9764101
2887422
2884757
6422725
5627602
11220967
10974532
6385030
12564209
12486571
12487071
12468053
12471326
3976773
9773862
2045310
2627831
6624650
6622108
6633757
7892791
7788368
11495677
11021968
3764076
11840730
11786713
11782891
3562207
3561018
3413191
6409691
5828151
14430253
10635625
12989041
13608712
13905166
13934498
13852321
13818855
9592483
3579058
7951391
6744114
1864509
5622188
3223484
1294705
1077526
1078198
7787429
7535279
7541134
7533318
7526584
5813083
2353096
4151598
1508007
1291068
14276799
2864440
9608750
7695757
6339574
1975860
13220960
1393670
4198844
1199496
1203495
1198737
4919608
2557523
1995554
1793379
1808976
9808777
2331608
8845579
12896331
9037304
9045478
13355509
3127347
10518601
11395650
11383567
7305039
7311112
2133153
8789077
3012859
1700807
3600497
4904616
8578897
5470770
5472600
12972777
7828289
7831733
7873126
7855360
7832044
1942043
1985875
1942610
6158925
11400589
3310094
1831588
2698204
2720071
2719997
1243186
7661338
7680031
7682210
3491097
3502908
1574008
13804092
5776714
9357079
12758458
582410
970146
2435291
9934522
2464842
10567334
3061507
595964
3010397
4524496
4571625
4571131
5405447
4196022
4051893
150692
1584458
8247469
8222300
11821972
82007
11131059
11217364
9545749
5494183
7986730
9621591
8770953
8694012
12555639
4998486
11434156
8560291
8561415
5460556
5859280
5860971
3800238
14249128
14538918
14510531
8128486
4048531
381737
11701209
1922208
1242755
2420119
12243553
12231928
8469809
2311734
6740773
5357887
5359575
4166258
3943642
3770547
7666372
3757193
2543400
2562917
4036168
9632755
11681974
6927221
5209333
7943568
7888056
2185235
745950
3238582
3238564
6832539
2217841
6826460
5772089
1963401
6178684
1744723
1742893
1048291
8837431
7715093
1273059
3796260
7748834
3531846
8255967
8256282
8256047
2808831
5832301
5832652
4651435
2089123
8866606
1369213
5274067
6643302
172764
12793456
1912726
1968726
3776530
3775027
13932847
13968841
3110484
3116761
717744
4659599
1709878
8255239
7963451
9556342
3016966
2659317
12377205
2193760
4277939
6098952
4234385
1508374
1511304
4296745
1508326
1115157
5729614
2992185
3537768
450995
3570008
407046
7111511
10515691
11230418
5123333
6332668
1830323
8301400
11700074
9884059
7853186
7849806
6069673
7864835
13536251
11359570
11359645
7461706
1364260
9277494
1332118
9703353
9805280
7714529
14327216
2524621
1449783
662943
2741172
4706666
1970292
14409554
13992445
1062835
1446993
523758
7174297
4174316
8576949
3138252
8412346
1842551
8857404
10487508
7940484
13024328
14117976
12979945
12969753
12963846
13041552
12959939
11983613
12514601
12514025
12515295
8119663
3885116
3899950
7401615
8834717
11346810
5741699
10474569
3713583
11137423
1487658
1578175
1221140
13524669
3348272
10829138
4209844
6511039
4781501
9960919
10976582
10977908
6877908
6830411
6874697
377889
11629650
11803833
8360491
4693098
6280139
6448692
5050501
5086402
10898137
4818118
6633448
4941566
12407828
10572823
13846331
13423263
7475632
7681633
13606924
1464445
5770014
4107066
803119
7556384
6707593
3851144
7949408
7925247
7953360
7986135
7998276
8020280
8031547
8015937
11044474
9671058
2054669
1933444
1636847
1623494
2934791
1625404
1622960
1621779
10149219
10149301
8827555
5691784
5697586
5691149
5690907
9034281
8590066
1985368
1986971
2321885
971072
1511737
1338367
8414844
8412437
8377221
4124318
3533385
3474220
2173992
8350296
10848842
761272
10296335
7612536
7612526
2910833
5959681
7917870
7901931
4464979
4466310
3534020
3538744
3520956
2855335
7837919
14218270
6221149
13093869
11972654
4349000
4411982
4346260
10402769
4764677
2554412
13215594
10236110
10166227
10236141
10258251
10254821
9773240
3388948
9774641
5851530
11573848
4197006
4196416
4202493
9727300
10583187
560376
1208088
1803232
740350
6958305
13888246
2975605
13119859
1955032
6062863
1449656
7849022
910096
6127619
6128499
6130996
6860870
1674043
917837
7136112
2838061
14186850
14559299
9247844
11654595
2879300
3298409
3307367
1888237
1888175
6580002
1324404
8293033
8314268
7476384
13200976
11121693
8205028
830100
10720213
10176599
12005613
12099966
6287514
6274298
5083793
3040177
11784500
2822078
3044025
3028127
5596711
2207125
865673
11642712
7972563
7898923
3004358
10147005
8193596
8976424
6893480
13390452
7993954
7990907
7931554
7988303
602464
668551
9008
1584362
14033029
13900326
13931100
2441741
2436424
2469435
6006003
6710832
9564980
3050898
3050361
1860508
14258218
1589860
1710959
264972
264999
2932567
2187709
8720545
12019492
12020337
4155755
4158822
10411213
10030657
10030309
10029698
9859096
9768781
9676682
8326425
7214369
