2150081
2727732
1428376
1427907
5686061
7476580
5397255
145381
1630354
2432632
668551
8180321
8177626
8375976
11215520
2202763
5742134
1437190
6905460
2311734
1719346
9108904
3499312
3491051
5437224
3210389
1971050
1970861
5813083
9012210
9010135
9007308
7075458
7075135
3885558
11294378
11291893
1697169
2752885
3964743
7305039
7311112
3674409
1208088
6181088
2962644
9632755
10629372
10572827
7010657
6483931
6483633
6485987
2286734
8912053
7158528
1574260
2507728
2948403
1574987
8414844
5189857
4964755
4937817
2112219
9785836
3491097
8789643
5627602
937310
8560291
8398344
2026302
11207983
3481749
2715232
8660890
8720545
5050214
5068227
5050348
3711615
2069496
3637906
3619522
3640944
3785156
1725866
7514697
595964
8068760
8067883
2768267
8193166
8174656
10134939
2870858
8426450
4139037
4862746
7695757
452313
8828433
9174028
8824007
2321292
2308114
5294856
4410846
4412930
10085921
5511816
1330467
7897658
10718191
7122971
6385030
8345533
11434156
782900
8463082
1099703
8278358
6640749
1126736
1825201
4491125
9806449
9807353
7118620
8673727
9467791
1481237
4706666
8003877
8003919
8052090
3391969
8609141
4206173
4204572
6549346
4174316
3645585
5548929
6110562
6102368
6117156
2602073
2195467
945518
1208079
2784153
6992035
2812866
3915516
3914297
1516169
9047155
6798988
7593495
1406412
1254385
5168616
9774641
9498359
9592483
1707089
2984847
1431517
8217731
3500881
6522121
1291068
6206669
1792205
1690727
2089995
6376214
6395842
6386053
3776530
3775027
11391953
3836803
10644160
7405821
7402951
4717772
830100
2447170
3326696
396754
5503621
1933629
1867779
2766445
1696191
4877103
1638809
1866935
6409691
1345155
5734269
9055909
7501161
10583456
6457488
6464929
3376634
4303936
3580352
3478388
637378
3853809
3592631
3592623
2698204
2719997
2720071
2046969
2557523
5561882
4506552
5468270
9127648
7803315
6443548
6621794
10746926
10764440
6612965
990093
994215
991326
10030309
6461090
1332118
7004033
3012859
1864509
6749359
1449657
6628333
2768303
2193760
6048433
6761040
3476920
3116138
9421548
7168804
7169374
1971936
2906386
2841536
2832138
2837207
2830644
820218
4822422
4806795
6663650
6663562
8054288
1164722
739272
780931
715987
781128
653784
1717735
7666372
9068396
9049455
7784378
5874876
886672
5619122
9485368
3636375
9063748
4018809
10176125
317585
1618727
8991862
6693040
1939910
10260020
1459708
2012836
617402
7748834
5008565
3489208
2119058
7502904
7510707
7541701
10458144
9405170
9193539
9566190
1820290
8668765
5809934
2089265
2788390
2108939
3727765
11564001
11495677
6580130
6530410
6493097
9098062
9073392
3011885
11457118
3518333
3519268
3517238
3518668
3514478
4433483
3961572
3786049
3787443
9521440
2471482
2647017
1401413
6721476
6802769
6800462
6796661
6443803
914517
6834462
1015078
5528237
11117698
11021968
241860
7270704
7286111
4518387
3401250
1884325
5728955
1927265
3371034
3348272
5155182
5150491
9451704
8542812
5030776
926542
4464979
4466310
5687762
6019566
2202194
9008
5678773
5677801
2152489
2631581
3433844
6058151
100968
8290342
6331207
11017889
6238159
10169040
9409192
9596113
1510005
4336666
1417806
1309180
1413644
3389836
1115325
2184154
978769
972106
9034281
8599107
6526480
3749698
75014
6434927
9039903
7586240
294800
8854343
762369
7805608
6057305
4860713
5405447
1937392
8375153
7457409
7020584
745950
938826
1033520
1210938
1199684
5929355
8104982
9537141
9516215
9455975
5119300
3146004
4521019
4514098
1207593
1209496
1458426
1397097
2834156
2368569
10968842
10888498
2636330
6013003
5998763
6000910
4433182
2218728
612710
6212663
1879348
1761113
1715575
6889481
6065873
771271
2486514
2474163
6955305
6279593
2410509
2276366
6220216
5042036
8325728
9041800
9038351
1694625
4187014
10400400
11523592
4395509
1591752
1367009
2023689
626549
1601540
10623449
4507180
1145014
1728170
1728258
3395030
4944030
10974532
7892791
4098898
3184999
5495818
3189630
3198817
2334938
8638475
6301729
3092194
1991555
3413191
1432826
1972846
45120
10687241
803671
6550064
4059827
1955032
4678486
7936568
7927305
2019110
7298103
7345768
2456467
2452114
8095925
9213296
1293556
2660651
10524143
11079045
7678784
833674
1975860
661157
282452
661727
8079106
8077621
8053602
8056855
10454630
9355440
1469444
8469809
2654172
2529306
8716020
8859374
885739
1147284
6229565
11057589
4959592
4285445
7211182
2785185
11126164
11128102
11127048
9253498
5748865
5707958
8253648
8286571
6575695
6576835
6575508
3842117
1735196
7187891
7155348
2315945
8087691
4484792
385509
2089123
7466646
7467048
8669061
6194229
2186230
9477910
5755228
10411743
2705445
1432169
2815962
6634149
3596535
3611375
3595328
6552595
2855335
3526347
1021116
7775568
7709877
4028217
2274428
3615542
6786255
1624716
1847895
5309906
5314313
2560014
5529707
2435291
6194059
1339883
4025657
2248086
1828353
1892031
1639689
1696535
763295
7508589
10215592
966155
6106339
11389477
1929422
10583187
694263
1954821
2845378
2065360
2066358
10506287
10477771
6982453
3566629
971072
5101823
10472863
10471498
4820522
4822950
4840126
4780485
4820125
3890952
378812
6448692
5944741
5459288
2222553
6171635
6186237
6179857
6203003
10574799
8397832
3796771
2979306
8843268
8858242
638971
4268253
3963065
3961232
8015234
5277945
5278131
7852164
8054919
722820
7109845
7019308
2476527
5901148
5892105
7438687
7397150
7274407
7245778
7258522
7255094
2709229
1220259
1953861
3688573
662201
9764215
3450137
8332537
3278107
3042608
3042858
3042458
3062635
6761557
3954243
2697911
3140968
3138800
2275417
2218998
2220868
2321248
10133060
2985307
10556708
1452947
1044075
6977203
6982342
6973392
6990532
8314268
10113826
2070025
6776862
2766870
4441091
10014158
7340314
555031
952382
11457648
3625609
3057046
4449423
5280288
7950796
3775611
401534
1121521
1304497
10431209
4678328
10418945
317028
3407676
8222926
6687052
5050501
3533961
3982717
3978136
10346801
5494480
1302304
4782339
5499261
8548705
8533797
8610477
8600769
8582127
1772961
2415442
2460018
2426914
2992627
2420377
2452115
3827671
2420793
2416252
2480635
534984
1218088
1467878
5022347
2763212
1464445
10936703
9426649
7704854
3206977
9466054
2580432
11346810
9037304
9045478
3056155
352589
228141
9493139
7653234
9694145
4286701
4087954
4087892
4821163
1773156
1516239
7707308
6745149
4048531
4390320
4920071
8157503
6350114
140809
9024204
9021605
3405096
1659339
1530105
1598567
2370285
2648685
1209767
8202566
10781837
10799491
2629881
3976773
8754660
1098678
992847
2868334
2150063
2603115
855876
4890810
1008164
10732237
10642957
5291548
11132957
7837919
8056666
9871423
7246068
7222394
6857237
9195641
5219435
3885116
3899950
3500568
8731533
7260977
2388376
2388037
8516686
4403134
9166061
236998
4659599
8731872
9117489
8726230
2387108
7620890
10108505
638974
6061955
6079736
6087416
6068826
1733438
7648542
2341516
8281157
4123982
3310094
9468024
6365460
6361186
6362894
6361195
1561120
5402698
112451
5278978
6450709
4351932
7411003
7093577
5141892
10420002
6612385
4194581
3050898
3050361
6949999
3021915
10001834
3075753
4865204
1751653
8759264
1126998
1115893
8088726
4973986
4983292
4975484
4975982
2910833
8976698
6823896
8969921
1893295
2318261
2318532
4943750
5770832
5146234
1032122
1382487
8834717
6725707
7462881
7437070
2408145
7532092
474983
1418374
4977354
6176045
432451
1117348
4051893
1799764
4647296
3630324
11018039
3859060
3484623
3486704
1668808
4486465
4460990
4465340
3388948
6877908
6830411
6874697
4462808
6432613
1665099
7612265
1674043
917837
2293464
8093216
8096785
8984009
8110150
8098467
8099177
8098155
346764
248486
602464
1500337
9290800
9695615
9038597
11194775
11194870
10642819
1198737
5479340
8255239
1633738
4207593
1192386
2388486
2494360
5808335
1876064
6890503
1903141
10696360
10647658
7002654
11607121
901489
481708
4283435
11119424
5776714
5713629
2017594
753462
5699550
1352585
1669108
1503825
4330125
2648851
2480593
68324
10162991
2593616
718334
9629741
516840
449689
5494183
7849022
910096
3107310
3004358
200883
10020756
2188574
4222432
1744723
4140170
1966218
669494
7861419
5389624
9265960
7990907
7931554
4364402
6277227
6275876
7327460
7616173
2446834
2084069
842820
1473233
7986135
7998276
2185235
9230747
9153489
1913116
7736229
7737930
7917870
7901931
539606
5374841
1700807
1974721
2034553
1893942
11389248
3393718
7191718
7171384
10688948
2398936
9093516
1273059
2783373
3426867
2786851
10546758
10517288
4485812
6627653
9979424
9943575
9974984
9805280
9703353
9222274
9350522
3854046
9357079
1619524
1395267
5283830
3405728
2034805
7198916
7199713
7202213
8789077
6184998
1984014
6175699
1663040
1410003
7704579
4803476
4809364
1068296
2214905
2566307
1770877
1770777
1771022
1770885
3108134
7593482
7850526
7846014
8341473
8340499
3961913
3245220
4397129
3993083
1960793
5608492
46086
7254245
9845363
5954747
5957518
4074288
7275970
4425204
10255841
895863
1961916
1961186
2453675
2038811
4166258
8532418
164258
1602265
1601193
2449006
4483806
4487063
492866
3563608
3028000
3811428
3409460
3395804
1431032
11451356
2516210
7581098
8729919
8710010
10497665
4316918
2031661
11243918
11131059
1030500
1332129
2857504
5778663
5776458
9162667
3061507
3494843
5275825
4781364
8298534
8294470
3290388
191425
1340980
6023221
6128946
2435949
1349535
9862692
7420275
10344168
10371130
10337155
8074164
3031388
3805361
6261312
6030471
10329761
10604633
2287916
5367843
1351076
3562207
3561018
8350296
2548895
2359487
9544572
1376132
1443948
3967432
2232076
8738618
936604
4424724
10656231
4735493
8341669
7048404
9639126
9643477
5392294
1868253
10044787
5607743
4726635
1921873
10765638
3140842
1840381
7713119
4344121
5413747
5409737
6470992
3072716
8010338
3388988
1229
1963401
7532486
6265897
3758592
1811674
1627378
1643139
8741704
959487
9648363
9687771
9775764
5721743
2561025
2541192
3376160
3104437
8246870
1907414
6156652
11339593
4257453
7214369
347261
6927221
4097705
1746654
6633001
3294646
2792910
7753661
3064366
3065114
3040548
3076219
9032629
2845700
5948935
6261755
6261271
5357887
5359575
11433467
4680419
8023315
4222638
7774801
3194906
9375716
8374567
8354516
6224737
7886389
743003
7884903
3335852
394495
3353749
123089
200031
8165205
8164358
8226195
5729614
8254555
10337253
6260370
1848155
2549461
1952550
1021864
7758040
7760660
10223827
7111511
4787639
4169144
1532636
3838307
6769298
1875834
1895105
5327236
6285990
3827998
5719511
7679576
10210192
6429549
1188325
9123882
5159702
5237049
9220399
2231222
3921274
5355444
6049115
1937592
3103654
7347005
7337962
7336178
7336948
7005734
8113998
4285529
10654377
10657065
2029617
7431230
8275869
7681633
5592257
2955779
10064881
2025210
2029907
6740773
3715680
3136056
620245
3127347
10012166
9677136
8713378
7356931
9671964
7367364
2118495
10484572
10499228
8599220
8598118
3500293
2037361
2035410
11208668
7743697
7758481
4826338
8030534
2025572
1842551
1402868
1207974
7269102
7916511
9328773
985993
985986
9486317
9961171
9986405
9960704
4785555
4788890
4524496
4571131
5184016
5196448
9547536
9542112
9579623
9558718
9518482
8186276
8176104
3303029
789599
6499260
1578175
4996763
4983537
8456601
10663234
5201830
5211196
5211947
4277939
4234385
7120859
3984577
8644150
8785432
8459230
4166613
2173992
4950435
4967686
5012323
4948553
10487508
1302337
8258512
5340293
9682501
8477272
8514026
8460883
7779632
7715093
986083
3985533
2452378
3437187
7970899
11494797
8352304
8349200
1708121
613697
11492107
11492899
1128126
1129275
1128071
1128330
11448421
7584262
7583868
4013434
9545749
5945244
2382300
3238865
7890179
2659317
8943169
2286473
1633065
10441028
9622479
1065102
1381066
9315567
410240
4186344
4511031
1793379
1808976
3590231
2516279
8625049
10333091
4555351
4515973
9941263
1154378
5428234
2294573
499355
6526515
6632440
6548516
468251
2425050
7884773
7878769
4831218
5622188
5872921
2140087
6876855
2267012
11175744
6926724
6927679
3717206
1869658
1341083
1881614
1975810
4529452
4868940
7983464
4899779
7233661
7219379
7213552
1658865
1336962
7707815
7707739
7709305
7899866
2741423
1914412
1901138
1910000
1649874
1648607
1909607
1919731
626320
7172596
9117778
499041
2879300
7535279
7526584
7541134
7533318
7542298
8722107
10898137
3010397
2662144
425607
1508374
1511304
1508326
4296745
1054179
69119
6629595
3531846
2883753
7806539
5951642
3520956
3716249
7394541
5202326
8459471
2202196
1281212
1260392
537261
8224502
1854769
1855711
1854753
236070
2542844
2737744
5273294
5279912
5268773
5209231
5274237
1584600
9441622
4974313
2994995
5762659
4744854
3313355
5859280
4516691
5036185
515560
5690907
9245970
6386884
6254081
8139306
3068303
8063592
10470539
9879369
9850486
3694361
4417388
4421416
6009215
1204811
10257960
5645580
9002714
5511845
948536
6166399
6957589
6961937
6954106
6955616
9916806
1210524
3373639
6241976
6054204
6071166
8356365
8368105
10951576
7787985
5102170
392147
1764904
10749558
10722075
4019008
4171945
10939410
5189438
654749
2278695
6622108
6624650
6633757
5741699
3691279
1811999
8632125
7254470
6336565
653793
6237511
6237856
8936616
10176599
5458736
704265
7349586
301737
2289390
2289394
2289425
7635138
7498120
2823993
1200216
2901521
2819350
2745893
2825464
2766675
3169196
1202091
2246471
2000313
3081684
6481311
3304979
10296335
10787812
1874521
1876673
7990897
1339738
3540944
7685753
7677575
7323152
3820860
4072638
3377870
9018662
3223666
3223774
2338697
1571020
1570964
3046614
2822078
9372580
9418591
10711774
11359570
11359645
3475278
10737572
9043027
9041692
9040845
8484686
3068439
2307134
7021300
7021510
2998656
1012709
4284674
9307110
3570008
9434487
1048291
6020569
2273674
8446166
6228605
6212670
6213761
3928518
2901600
4074325
6035028
3621768
8019763
8018877
8021498
8021821
4211912
65117
4126799
65137
2470789
1527207
113971
8134740
2480559
7681201
7550864
9812090
4004239
503199
6241620
4173092
3533385
5551611
3922794
6452340
2225690
7804653
8068053
8123024
6926343
2233935
2246188
2167670
5475750
3313167
7904956
548134
7650085
1062835
7616973
3159860
5084714
5050762
662943
10829138
1114383
982025
1266811
6228776
6228178
6281451
1411394
2072845
1107561
9829163
9839960
9867374
3010682
7215821
7213991
1901067
7710386
7751401
10620791
10591493
10423984
3734388
3091335
3173190
5366194
5364150
5368496
5364003
3660008
3662458
872961
7950716
7344821
4885434
2524621
242144
7754384
10315408
8102606
466870
7943934
2231550
3197700
30432
6858570
2275129
2274173
2652181
6211682
2150718
4072903
3698162
7855614
5371834
2387141
7075276
6083998
6078349
6069389
7381004
8097967
7476384
2769391
6630983
11025865
10994027
6395715
258429
8057580
8046775
8059008
8049915
3795765
7723350
4616360
706919
6311498
9355343
9336208
9367072
8701371
10569066
172764
5675927
1612654
2303277
2241050
6890641
6902543
11139100
10691383
10745078
5755311
9604425
7173109
7457284
2801218
3057119
3098414
1931409
3074866
2963316
2800712
2800907
4315024
7636314
8013893
7637935
803119
6709990
2461842
6899354
6810127
3119145
3112391
3114308
3521810
3521376
1396658
1399938
8770953
8694012
7169836
7695843
4338444
4354376
2585018
1421407
2850158
2415832
4436934
2262340
1466610
2434661
9505226
4941566
1508007
7441150
5396174
5399916
5389804
7401615
5247093
3453045
8244286
5779320
5666020
5801008
4053142
6468515
113224
5772089
6826460
2217841
6832539
5032156
2908344
10141497
10250478
3246142
3101884
1080858
3123783
1041720
235907
1144553
973854
130535
1636584
131085
7601002
5244608
2419353
2565462
7568219
4981523
2114644
2114421
2113878
2190894
2019276
7197505
3636459
2469435
4059499
4078669
9783604
5962029
10975963
10991962
7475632
8063457
3526320
10474569
5818857
9811686
4107066
4107158
4244678
150692
10723411
1256513
1062499
9726019
10057398
1622119
2953401
10426900
9226492
1985467
2476094
4662238
9599717
2092142
11503983
41354
5786280
9894549
1375642
11397600
3293161
2307878
790584
7925247
7953360
6494044
2997920
6263790
6249231
2955180
2456241
4856972
3110484
5068507
1500375
5974905
4982861
8113210
4692293
4693098
2344435
719568
4538229
2533395
1568949
136545
1908815
3385059
541149
2824046
6698304
7445375
2398597
2398833
5924547
2457329
794528
2855344
3543834
4196022
10236110
9773240
10236757
4155755
3028127
4222350
4228606
11044474
6990348
8149674
9847528
9771950
9835240
1491760
7905561
2230678
10147005
8193596
1192752
7060733
3513679
6127619
6128499
6127674
8412346
2050454
2488837
1259023
2283022
3390169
3342875
3707597
1513889
2841949
1170144
1810353
6506474
5727829
5725444
3534020
6938174
6692950
8109703
8114454
8194701
8116165
8073743
2218566
1843152
1844151
2785522
10136908
10107038
173429
9347232
6329538
3588604
8990055
7245521
7086703
9406725
7848506
2548320
2549975
10809455
11360569
10296875
4729506
8590066
8939254
6183905
8472821
3991582
1152074
553595
1513844
1460391
2741172
3840800
11396955
2441741
2436424
5707059
3546229
3391595
6861994
6861553
4340796
848093
1805466
3774902
1709431
1913164
1908846
1910631
1913978
1775337
5045943
5044402
5080755
5046913
8886243
8846138
8839496
8842099
8840478
11159150
5678198
1221140
8863513
1092469
4909148
5407825
3846224
865673
3227712
6973722
6153090
3107109
3558650
4241437
2466197
7795828
9065395
9069902
9083235
1922208
1830323
9023946
9026054
3142897
427563
8837431
5352894
5689466
5654284
8035256
203822
159324
2253009
3859129
3858166
3858124
3863771
3859192
3859597
3862960
3860453
3859160
8201443
1493201
7472904
7472474
8764464
5014111
5042800
3479970
3448389
2975605
6987698
1813706
9017954
5302140
8820177
8760281
10375755
4908151
3828584
3829021
3831298
588628
2948483
9408812
4126197
1606893
4985688
9827695
3305352
582410
40893
6493487
9510610
5118098
1883623
1888818
1881080
2589700
5768820
10571790
5470770
5472600
4047945
1675858
924930
1167857
1855676
4246764
10577412
1391717
7064585
7064719
7073141
6432064
9507569
9356298
1985570
10480792
1364260
8242963
6643187
6651740
264972
264999
1409808
1616535
3055530
2402031
8343684
8346219
8345010
8345413
4197006
4196416
4202493
7951391
6744114
9153352
9526045
1860508
7074466
5432185
2333173
5794727
2443423
7705164
7774434
6250178
7698579
7775522
6637884
7717384
1947951
8008592
5044676
11282495
1620488
4039901
2875267
2301468
7454833
11285680
10653247
10511608
10523989
10891292
10519970
13156
7914570
3720321
276898
3084855
3084816
10743226
1406382
1425267
1077526
4805950
6390272
1446993
523758
7592991
7589345
7604892
7607737
7590726
7602834
5841110
1931996
1369213
7522174
8143397
2179111
2467738
2027337
3963233
5395987
8562396
8664236
9090366
2849449
6834673
1675754
7139161
2726972
11494192
1560424
377889
7194719
7214412
1500166
406016
2116777
2826957
3049314
8255967
8256047
2259609
4927193
1096673
9748859
6654196
3643687
565847
2985254
2034778
3218236
3397257
3222893
3229301
3217546
6610783
6941381
9509884
7985906
2053161
6401230
4964420
7138898
5775902
3233649
4199286
6900704
10411721
4997518
4349000
4341828
1942653
1943149
3730075
1257951
1255501
7142001
1576901
2526824
2533778
2533747
10570522
6647517
9077275
9098508
571434
294652
1190544
2187709
1479428
1488171
8000249
8009936
6254963
7839753
8020280
8031547
8015937
3121090
9703057
5321125
9926403
7481680
1088251
1948286
4224512
9681001
7074282
7048643
1959711
1959953
8042605
789366
2559352
2560322
1912726
6009981
7791221
7714396
7743897
6660493
11121693
8229787
2656339
6981180
10567334
5488719
6202180
6645305
1516064
5971720
6724383
5493695
7545938
10976582
10977908
9694822
3800238
9897136
7465165
3298409
10319539
3591383
2619445
1970989
1443005
10139361
10149301
4814131
5006086
3934980
1697432
1777520
2434471
8654268
6195826
6194556
7434547
2352969
7689558
6433813
1002193
7174297
5384246
2844475
2863456
2841385
2837154
10722202
7686462
7699589
7693099
5632222
433962
3188244
16592
2893396
1443092
1900096
1756847
3242158
3249657
3242970
5588429
5194885
2630280
7694886
8734361
6521128
6521135
10402139
11224760
2991297
7804750
2059729
1970292
7990255
3668419
3016966
7861955
8098626
6178684
1704774
3036478
3037352
8219851
1658382
1407492
1844322
1407650
6931725
2411191
3286161
1393670
1641175
1640986
3238582
3238564
6954919
9024974
10465667
10452547
10467745
7380861
1975619
1975198
11295638
11268862
3587713
10958377
6287514
6274298
5083793
7564579
2390603
11406393
9424149
9420428
9421642
3775059
3142347
1519073
1607738
977125
372895
1669082
8799426
8381029
1722687
6405679
1363140
4400915
1960981
1851357
7472033
7398424
11291222
1696752
3821462
1827642
1029946
7135507
9076159
9088622
1853726
10816757
4072554
10502646
5235966
6473841
5614943
8158401
8957731
8034852
8032600
8862212
2442109
396402
10149219
9707199
5499380
402380
8577089
2003428
4644861
2726973
5349551
5646635
9704505
5827263
2926905
9692946
11588025
10351080
8911683
11226193
9118092
3088103
1365255
6958305
4074470
10618996
4206741
3075328
3076090
11310835
8410665
3038050
2302371
2094753
6701661
4524247
5460040
4965457
4721222
9367428
3929595
7920159
9142772
3895133
8116431
9497114
6010559
1295510
11503397
11495508
10226634
10133021
9988959
9529084
3218303
489457
10870627
6130144
8522452
6633588
5239702
3159712
1647611
10250908
4225802
6280139
8885076
7697196
2844317
5981147
1871185
2116006
2700570
1621205
7169178
11219187
109475
4238399
170509
11347689
11349440
10642338
10648674
1803225
10317924
730180
8595604
3690281
8033881
1934920
1911090
2040395
1790026
2333608
5273165
2008450
6703390
10713733
10037449
4786148
2742179
5730579
8566397
9064822
9058523
4077436
4548934
1128117
3420723
379017
691227
7615430
6245990
6296606
6253277
6254956
8552477
4300534
7588847
3698107
2230693
7116965
2873113
8767381
9589584
9518073
6047716
6566997
1930903
2069786
8160024
8163783
8602216
6200869
7358277
3063228
1040799
2141167
1672149
9842368
1326725
3579058
10771210
9065538
1968726
1709878
5952316
11205345
10652294
7932162
3523697
1399136
1497992
3499018
3490280
5502719
5218693
6412644
4119208
6341224
7247773
10515449
9944888
1878340
7149385
3699485
6981835
1279429
6950950
1889215
937833
958137
10876444
6006941
5707381
8552979
1852954
1959879
1049022
11417656
1958286
11083305
2932567
1182752
1182875
3991432
4159140
5678989
8271607
7140917
936592
8768299
4960213
8226877
9151040
7675428
1655026
1528055
2122276
11101952
9790701
6162250
2055844
1917855
1643622
9543568
9508418
5273765
11506946
10552097
10554514
9123691
7425667
11317247
2560140
5885482
7968994
4363562
4830394
4821852
1487200
9196649
4851493
5327727
8923232
2224202
3213150
8057535
489840
1363219
1467251
4723037
8245120
8163115
4789038
1672740
2281932
4806214
4384850
1843516
1842693
9691210
1699816
1369842
6909340
11559503
11539176
1406738
8750305
3445941
3696896
3242650
6165385
8528699
7681820
3303558
4282189
11201837
7988
8910304
178666
1251125
8199958
10142382
8844571
8842173
8854592
10759790
10737003
3527424
10879242
6183161
4246729
8925053
6402447
184047
1619677
3982998
9931998
3491167
9889074
8273342
8240661
8248963
5773708
10523101
7598894
1570459
3906220
7728111
4514830
5998597
9382225
9389491
2887422
3120211
4519292
9821513
1682478
8560987
9320818
2232685
4027091
3858120
3638911
3797183
3923779
3915800
10451062
6653651
6485358
6487179
1365464
3545665
8148392
9159545
5931761
1372318
3943642
5828151
3223484
6043870
4151598
3906756
1995554
3127789
10518601
6756007
5814075
4571625
11147753
11143150
8230686
1742893
1795552
3796260
1820945
3537768
450995
407046
9884059
8576949
10700628
4209844
4818118
3340634
7700279
6707593
5691784
5691149
8377221
3474220
761272
6202636
4411982
4346260
10258251
10713097
9727300
2838061
9247844
8293033
1584362
9564980
10411213
10029698
1318252
4463458
7208065
1330487
3307367
7553884
