6769321
6643545
4516691
5639423
5758448
8250260
3487533
3986859
8936751
2142606
9530296
4581723
9984204
10122635
5159702
11150119
9351035
5643258
3700346
1632413
6575695
6328608
5041323
11129033
8574210
1513844
7240603
10682114
9108493
5865109
2867962
4577572
5543261
10389975
4091976
9648363
1624716
1668448
10138197
9706514
9643477
2798374
7581238
4034190
8255967
5369965
10287681
6488060
7411003
6633001
7031975
11082380
7793608
11196189
3668010
3692785
10812816
3309751
5311952
5632222
2580432
10859659
9555040
2291548
4638341
7177559
2302371
1032488
10855378
7541528
9798195
2873113
8092249
9849212
4159802
3679649
10255843
5702006
7426945
3917997
11235876
10605281
4153512
4467670
7880178
5736199
8144093
10653753
8256047
8887004
2843586
2218270
705094
9129343
6621794
1299523
4122305
9939319
6332300
1561932
2039242
5892426
10805329
7760027
8788074
6049115
2559352
5229389
5624538
8887460
4029087
7123736
3899590
8015321
2385636
3123479
8528699
4194031
2038245
9811323
242144
4836710
5667826
2398936
3656256
4222615
1149626
2108832
1877915
1030500
6378691
10042498
8609649
5676937
6967553
5754267
8156531
7839608
357992
1648223
7665935
6490164
8477272
8670916
8333977
1621205
3002749
6060321
9438891
10220996
5900045
5042036
6230435
3898247
4177351
4907265
1971445
3694320
8407584
1219983
3621768
4136822
7109845
2545561
4087954
1633738
5052300
3517369
8544143
8077621
2133118
10387760
3063228
7214369
3764890
4709329
9789330
4149207
6376448
2881838
4444623
1402109
6350560
2742179
8113228
3076105
5488142
10377350
6239573
3511605
2438700
3495663
10470809
3764092
2027490
1959711
4909148
3014789
4954347
4920071
6071131
8411938
5148547
7597876
2364256
4423238
6618860
2487767
8685234
5480147
8999712
1445747
10129476
3229346
5144679
10688687
9533565
2618093
3984577
1282080
4815605
2872630
9309849
4141137
3999707
6672690
6510238
4236097
402842
9691210
4467441
7337586
6083101
8217722
5494183
10413067
8373965
5397151
5874460
41172
9098097
9048687
9245177
7581918
10568618
8688618
9515877
9063993
1910210
1968665
7309409
5175321
3338583
9366622
5055970
10378028
6176661
10545541
986558
2726973
2583554
6966011
4254204
5664963
9408866
1684984
2147826
1334497
9029869
8004499
3789916
9494015
10453662
5197894
5522518
2710070
8464984
7169178
3952328
7479070
7717128
10254927
3140842
10642704
6949999
2057690
1363219
1638809
4377659
6410531
8916105
4949520
10604766
924930
2925618
5863402
8032600
3004979
8596683
7005734
9563823
7417287
4843588
4716332
8632323
6223695
9233249
7692496
4967686
3134711
2372845
1635978
1951459
9222545
9112881
10963464
2771917
3290771
7731536
9547536
2004069
7970899
1244538
3051765
4972562
6482525
2741165
10093895
9736085
5420485
3649404
3055733
6234291
5458679
5458675
10167423
9296768
10005507
3129698
8527118
9796876
6376053
10307913
3149460
10632969
8159605
1949231
11145896
4997518
9425219
4756078
10556006
2858950
2420157
6175586
10791009
7121190
5236490
3138800
5067199
4566372
8950211
6398350
546026
4622305
4838225
8580614
11022376
10812832
4352746
5645604
4320058
1216343
4001423
3518668
4656619
2333674
3105288
1574448
3303558
1117097
5588496
9124139
6073476
3523227
8277036
7540902
7207254
1742386
6933074
4411540
4670338
7454572
3619522
1358855
9429688
5828151
10525203
362671
8680926
6096898
6948010
9803307
11051041
10781068
8872136
6327514
5399885
4925339
6347236
10899082
6211210
5887120
3349421
379017
9338902
4107640
450119
4416045
6177520
4097591
3213144
9443722
7683491
8398983
2335598
9242288
517772
2510445
743003
10000272
6128946
5478169
6990348
6989839
6717227
5355306
2931662
9976934
8888999
5754285
3501599
6469351
1295510
4118683
2791826
4187931
8805880
7484853
1661371
2719932
3194906
9717751
1612502
5776458
7042049
3283326
8479321
2360751
6096928
2275790
7468342
5304186
5448144
8969572
1658382
1044099
7380124
9034434
5249554
8083716
7178650
3169043
5763226
8083719
1754613
8606666
2029337
8450374
8460349
6644811
3050898
6695252
7586452
1560424
7326856
925278
406016
2867512
5488160
2998565
5046807
9255468
9630093
7138713
9066616
7875773
7765074
1741917
5644122
6136660
6154002
2663554
1902018
8227511
10501286
492866
9356257
6271430
2766422
5949489
8839783
10851445
3494486
819824
9586598
5757628
11050146
6719808
5470933
5762316
8146589
9728684
6316599
10894740
6932677
9506919
357323
5395604
10644429
7286355
11138283
4981464
3079447
10570458
2467204
4459142
6870270
5005522
2623629
5273765
2070275
9961798
7920112
7999286
10528036
1728170
3849514
6262608
11288806
4780266
3835653
8516686
9498359
3394218
10912694
6266654
6501919
5352894
8720149
10840304
8446092
4446381
4789390
11116952
8657602
6262549
5095299
8521645
7675428
6387493
9207175
6246688
10070386
864338
8485563
10412355
8991392
3828584
5730646
7283856
3348272
1970292
6090181
6967293
7342443
4490385
4428688
7474861
7666372
2358467
403055
6935718
3643564
3222539
5041931
11088929
7062085
4439264
2518195
10555422
4655957
3698107
10133021
1570390
7777332
6037561
10554461
10301225
7257376
662201
886672
4412954
10899696
252171
4985216
2974750
5959568
9386015
5922945
6481251
4856972
1929422
9256222
8789973
8171072
4331999
2750902
9971581
5380421
2791583
1015078
7897658
7994162
8522452
2837970
4918164
5697586
9639881
2850864
1974972
4089816
7772518
8837556
9233107
10185738
8768720
2185235
10945485
2326970
8819805
11230459
1665177
8199486
1146182
2296288
5839385
9356060
3650472
4201190
6027409
4673344
6114639
6630983
4312454
1257249
7787429
2862139
7982963
8269284
6724383
1675754
8033028
1810353
7684625
8603218
6500185
1053146
1286205
9846226
8676941
7800487
3797183
2053410
1164722
3687418
2900691
8504692
5073661
9583195
3309468
1235858
6432632
4089240
3918780
3359591
9992636
1353312
8924164
4229876
1995012
168040
9614654
845980
8000459
9925950
10162769
4895102
8491493
3130847
7719793
885739
9734201
4728455
8935719
11056483
1613695
3731660
7807977
9069536
10342714
1391717
4944030
5309025
5820874
6365668
1064211
4820522
10560882
3894373
5858094
7738272
8615710
9159545
7878349
8843671
8694012
5151652
3927820
6860870
2360516
8028131
5792271
6238954
9151040
9151045
1593299
3405276
3886433
3344381
4538572
8405005
9213296
5937859
1352547
4284864
9771690
3023463
8792864
3385014
706133
10500834
7388370
2283503
4184218
6241620
1781262
7491759
9196335
3690134
8149674
2026302
11427682
2682023
2634374
1690727
10296335
8578837
7715680
4223974
3455967
9330861
9162404
8794387
8331819
1568949
9007766
6458364
9709569
8180212
10794486
8668765
10255432
6230039
9251537
5357127
4915726
1799343
3117122
5725269
11102216
10103980
8424799
4923111
8053400
2495457
6150872
10735880
4792104
6013003
3916147
7233661
8467392
3800142
6104561
7273289
2273890
8911683
9710420
10658325
4942703
3512595
10691383
8268366
10074198
3061507
1540540
10030657
6287089
1190712
2209474
10107404
3710496
2108591
5538149
2013166
10792556
8417694
8166429
7890179
4328819
11015715
4100953
9228257
3585010
9670894
9819800
4638244
7612787
4693564
9627726
8014808
10024643
10336499
6496655
5368264
10973038
7990521
9348525
7562228
10980772
4986850
6224686
10116516
10515449
3399342
10622824
4248115
2549975
4283435
4702717
1103891
8685905
1372318
5412500
5724392
9135134
9334412
6709768
626549
9948345
6405679
6984448
7551760
8446760
1213929
6345723
10676178
6653863
5386449
4461058
10947997
909806
8537513
4199289
4199286
4087348
6792003
4611306
5385065
3475058
8158016
2495411
4354376
730180
5401126
6077433
10653247
4729506
5208966
9689176
3426511
10586398
11000412
1244750
1736670
7968994
5559083
6025459
8782946
3112161
4268253
4075787
4445102
8867427
4569403
4316918
8075682
1373784
9341667
8124395
2116914
4929148
10671343
7011040
5778735
8900567
9533863
3319574
9105344
10355019
9037804
7592991
1697169
10330238
8457141
1207974
5498760
6659358
8145011
6637884
2267967
10026257
5783840
5838021
2184701
7524159
10005197
8885505
6218444
8309975
4433058
8331375
7685549
4983537
11174236
9232143
3799825
5050778
9793663
2234377
3087365
2829804
10987593
8722177
11214557
11396879
2048800
2721733
6721476
6647207
4150135
2473045
1611933
8275924
2000003
3969336
6510020
2722427
6183704
9068396
2924885
5391334
6767553
8368259
5589773
2395009
1572114
8732961
4704505
3192600
3806421
1220259
6825802
6492368
7440022
6626367
7668251
7844632
622074
5044536
7695891
1353843
4257453
6432613
5564567
4233162
4400915
4351525
783998
8351498
8754660
820265
5232200
3786795
9842368
5942940
8098467
8176104
3012276
7436387
8067468
2220868
7836298
8827489
8700822
9116228
4624397
9986768
3852344
3768059
8662565
3352631
2710620
2695525
2715232
939754
4108367
5269376
1584490
6191304
2766675
8115126
9582808
1012709
6259949
6180135
5322633
4394997
4385053
3705508
2898511
10569063
5653197
9644139
10206737
3334378
2971199
3637936
8558625
8615655
4917738
2334938
1633065
8733146
9774427
3145319
9993066
9774428
4135469
4213333
3164282
6368759
2820006
4350344
6103381
9142411
7866543
6233587
3801733
2221210
8302100
1114764
3499312
7785436
9024204
6347581
8923578
9070312
8713288
7194927
3972651
1928385
7672720
11293472
4487378
7563525
4372256
6550217
5826
3546229
3680456
9661618
5287196
8013955
5144036
3006370
5213844
4530942
3112391
4698559
9757387
4302041
9552553
5805069
7174297
1847248
9394674
6223156
7460923
1416377
8590493
3819169
1170937
4681971
10600361
8524427
6580002
1144841
10684278
4652743
9714893
8140724
8180275
7133915
10532326
3889029
3153060
5369881
8548705
5865956
11121693
3343736
6985974
1332845
401559
6433813
8109682
3901951
10454471
7629439
8958146
6177262
891177
11108171
3585033
4661220
2448205
9352532
10427601
10020756
11254473
3816438
3087172
7995790
3999012
9346565
7874810
1316231
10622777
4638199
7466718
317028
9974230
9831082
9075961
8723982
4848293
5782894
7010657
3164070
6245512
3192015
2985254
1777150
1889317
6434555
8244286
10365844
8767483
8073743
9107472
5156558
9127065
7304537
9058506
4304558
8175737
10133060
3235304
7339994
8665069
10704993
1210901
3422859
4871981
3788485
10388188
6250843
1384758
7270704
722820
378812
8644500
3815310
3062388
7298880
9198418
10659752
1586685
9745353
4167793
10577682
3508838
3035950
2195539
8095044
3781713
7452561
1434375
6168476
5002241
4626555
4254422
3730592
9700327
1413644
978228
7843172
2258529
977247
2742077
4191833
2532455
4143416
10005565
2961415
4714113
4858597
5937242
11022312
2356296
1525207
3617764
9895126
10542382
2531229
6462376
1363836
11083305
6672342
8918009
8590066
8165520
8021498
3402660
5547504
7946423
837866
5706505
10129771
1908815
2369204
8935368
1299615
9791466
5013970
3041738
474394
3369486
10048906
7039603
3301863
2980184
8938402
8233192
2709837
5265057
8649435
1746559
9983310
9621591
10599360
2290675
2911868
2593616
4244141
3383602
5397255
8596682
1399938
2821378
6049262
7970067
9851333
1417999
2175187
11019577
6404872
7764545
1293426
1710919
1006238
1296102
2540340
7779403
8963248
8196547
10659640
1709878
2741172
10094167
3858127
3648746
8824007
3101540
4052343
3056155
1128071
1517049
4460990
8408419
7418128
2456467
4963601
9938289
1178635
10444877
7059567
481855
3409967
1078168
3705781
1758361
5691140
6410123
5751708
8571870
6955305
4536886
8332537
6261755
10575679
7011362
1045394
790428
9907181
6207021
24787
2203305
4322061
6680615
9782635
3967432
6719604
10198107
7060867
8137582
5792509
9784854
6313067
6761535
9129859
5863308
3624955
3570312
9424149
9616189
7290314
7122971
5267743
5437105
3305902
9866539
5534616
5126748
3347691
1879483
5168791
10288104
5109382
3093619
10825246
4524496
10787812
8510105
7362865
3397275
7187854
3826602
9780373
8376789
3800041
10501225
9338637
9479667
5719511
5168427
6806080
6608283
8099177
2647337
7300887
7054846
8855702
10579360
4599058
1256368
2938581
2027902
9567384
2629881
4728305
2948403
3132654
3454654
3593974
3289091
6683068
2352969
8839496
401534
5045199
2623648
2870858
10829972
4692293
3110431
700236
3038493
8652787
2333173
2055844
1180526
3326223
6141221
2163973
11099428
1089934
7462816
9202144
1589749
6772099
7957560
1631172
10461944
1175279
4270864
1067199
3944908
4576585
10003406
1842706
10535221
7921800
4320340
9196924
10977433
1467012
5155182
4644852
3256094
2631581
10690569
3683211
6037568
10669782
964511
573782
11215631
4718804
5280288
10309738
8725481
986083
9312750
8093278
1491760
1516052
1022521
1091
3644082
5646063
5327727
6977814
5857086
9441222
6470992
8730337
2670259
8343684
10105375
9400708
10001802
10583187
3278618
7931295
10158360
1639689
1330467
8515473
2464842
7227075
691098
10660156
7325858
7022888
2939377
8556327
3251046
4277939
6250178
3640356
4402883
7379759
7742453
6064771
8203367
533553
2853316
3923779
3650235
1231488
10158581
4556800
7990366
2232076
9831378
2693615
4270617
1448689
7601002
4706198
3234186
3064366
1358439
11221114
3054160
6222303
10458555
8381029
6759306
7365805
7285296
7286922
4832552
5712407
7169536
6667927
5395321
5881731
925371
276770
2866509
8450109
7545288
4714467
5564363
3146004
4037260
7959637
6476895
1830323
7415224
5080701
10614522
3347063
2992642
4950435
1899711
10877925
8081566
2947529
2800632
5626704
2546282
6968316
6478140
4574850
1679774
9780144
5846562
10330235
4456950
7201666
4920377
7813961
3793934
4559562
4312211
6320872
2329756
8985425
3275523
3814712
4455750
3608916
8962781
8311176
5774449
8217467
5922317
5707381
6808781
10860656
9566591
7742219
1588401
1782149
4158559
5431526
1269908
1463072
3228317
8475548
8374567
10336045
8057580
1961186
6359484
1851357
3192201
5991200
6492819
10351272
5232869
2704107
2037159
4329796
6945028
2182027
4108187
1531368
2884813
4412275
794388
7215651
5599708
2602114
5281010
6093160
1639542
6175699
11154817
8131423
2144005
5748856
1574008
5068238
3658483
917324
5925313
3989604
6902151
8854968
6764766
4808105
3352236
2786132
5974533
9535550
10876093
2448889
1640709
9136340
8148553
429574
7707973
9636718
4030320
4918864
3414087
6826349
10489890
7592313
791438
296285
3295200
7918929
8407831
2938833
8343472
2871011
1065102
11046229
5432185
11037615
6111740
7572831
9381547
8393904
4975571
8954556
4821958
6165385
10297597
4260509
6698412
3712036
7772458
2644659
4001361
8581776
4433170
9697018
4939804
5870912
10295997
10580764
10414854
9697015
1416334
2439534
9428352
8624653
2662425
1958536
7294606
3231727
9524712
4486465
1942653
5221542
4609531
6557284
5105177
10129104
2166138
4738089
8595604
396402
10770819
7031343
4088910
6735810
2064058
7021510
7091231
2374370
6384931
2131552
1703684
5050501
10618996
9483756
7331675
2503184
5614040
4105497
9391869
2383693
7642121
1336962
10182585
1173448
8955532
1733382
6243897
5450794
8856236
9898272
11144779
3770346
2783373
4641795
7556956
7013234
2338697
3717206
3683058
3506253
4508938
3964743
13156
3192050
5086698
8125955
7925342
7095534
962977
2601344
8610477
4520476
10467745
2263101
7376288
5680220
7901931
9454371
6053824
7658954
1472527
7966851
2193909
8772578
8782010
278308
2745125
3990810
1144502
6770085
8978021
4647296
2460018
3592922
7215790
4701689
6483321
3454077
1068296
4195086
756631
10597044
3213261
5822442
10946503
9090034
8848201
5069067
6757896
6450061
5740278
3630200
10517288
6062666
2606117
6177123
2601727
10230446
11557250
4022727
2930106
10399109
2801218
4490877
5096520
3914533
5472600
3483766
8253648
3788990
5756675
1773223
6629595
1514962
6314164
9081508
4831770
4851257
3355658
7683202
7248232
9606572
992005
4696709
6957589
3168300
11039926
8986272
8006376
6759363
1989002
1407541
10536479
8526660
6666055
503199
1332129
6669671
9331705
2934481
6938174
8658994
10552389
11133768
2857504
8918510
6519688
8850184
5040638
9015138
3424414
6349777
10205151
3831298
3558650
3586261
7020584
8298534
6056880
5553417
4048875
3293810
9043027
2037361
2146446
6473841
4004239
10508107
6754463
2410509
9001403
7099180
7891078
10569044
3898566
7317945
10347307
2466415
10152860
944638
1005113
8455407
3979634
676603
676601
10923898
298466
9245236
4214995
8675055
10175450
7226485
3136345
6129291
2199050
8121203
3016061
4988246
2368601
4236570
2738654
11263757
2986138
5590367
4688194
10108157
701735
2446834
5908508
8080763
7467674
5313957
2470789
10441312
1761801
10320733
4563544
8841233
10718116
10516830
8340344
9182544
1806050
1153641
8182294
3787619
6394817
2785522
3311860
6955616
4079447
7880755
1212420
9031665
8158401
2089645
9245908
4031929
3138400
8039209
4919462
10915479
3333843
4051893
8459230
10301565
7774445
9726521
3051465
2467659
3867814
3189340
4236913
10465667
3360244
4112608
9913772
6108220
4697756
1611868
1890048
3904550
1900211
6375888
3772193
8359414
5015399
10517873
3732243
2624474
916333
8803352
3874056
4298180
2420377
3949044
1659339
3006136
5197695
6120198
10891591
9638169
10298558
10221974
4939828
11001710
8004861
6968325
7526470
9124859
8592949
430603
3283566
2775019
2452115
4353175
3336422
2191266
7113057
5841874
5627602
2301468
4974104
358356
11134255
11182031
11204154
4819998
1084099
8905093
2092142
4577146
9356853
10688867
5858845
8646750
10108817
6675292
6228605
3455019
9423086
7743048
5859280
5886114
3885146
2151900
5970967
6524414
8248963
10573706
10286525
3409460
6833287
9228705
5020600
5229887
8182469
3687532
3829137
5622188
5535036
4735376
6246337
1933629
10977158
4351155
4029437
7720412
8062329
2268313
10445175
9484205
10389982
9206067
9640867
9150500
7725154
10422523
4237095
6657211
2220945
4937029
3775717
2193925
4994509
7003665
8731872
4555642
11149059
4919209
8032743
8584882
2561025
10838802
7801075
2213885
6703564
2389415
2229736
10355369
6124870
9003636
3438909
10567503
1905563
9451840
4198801
4730854
1854753
2435949
3694249
10477151
7779632
2360434
10047308
3066312
9538295
9171387
6996942
1982395
4971944
1144520
4355108
3286161
1616107
3745529
5083793
4559030
1831365
4322493
4270650
4319515
1068810
3715680
1628056
7968915
8960563
9380840
8215812
6755315
3845960
6196523
8471709
4816611
3859192
10300340
1138909
10693799
2725618
9943575
8629814
2183432
7672830
7700879
6923337
3423063
5395987
9805280
1770777
9044762
10139361
10344674
8341669
9631028
4202022
9285289
7142001
3605037
2522059
1609200
4092384
4295040
6632440
4327674
3424693
5364150
990093
6727008
8033881
3786049
4224499
3721631
9752598
9435631
9733948
4016234
6188835
11090371
4272017
1530326
10712304
8439129
3884408
7941034
2803893
7819186
6870530
7110037
4076932
6893624
5022347
7164504
2737744
5218693
5813023
9072058
7574434
5274734
7573352
5458911
9957840
10279604
1844977
8070758
7666974
4518984
5503621
9347848
9185826
9799483
8462939
6179104
10276497
3613779
6274914
5739880
5060324
9028032
4222432
9494712
3740879
7019308
2023084
4654106
3388747
8442327
9203794
6875175
9418591
7985906
3450504
6999333
6624650
7494349
4390320
9809915
846979
10705966
1592264
10044463
10523101
3238865
4679329
6574481
4398912
4118311
3314358
2533395
7724614
4024456
7322629
5435875
7442389
6411249
4058703
6088325
5098146
10591844
1439132
5447099
2716496
3201269
7263164
5895163
8626394
1895585
2834933
8042158
6769298
3076090
4136597
4198491
8904302
6316214
2345946
7690087
1446993
2406569
7705164
5669239
1374723
8450625
8316716
3465904
5148380
7598058
922373
9097690
3117890
9672388
7532092
9201139
7040930
5996174
9340695
2141167
1672119
2458195
9099691
7205264
2555885
10547300
8966763
898538
8616480
4856163
6209176
11150509
4150653
1198844
172764
10116203
8345413
5233479
9239796
8948207
3713210
8100853
4655473
6291143
9218172
2030923
5278248
3569557
4846967
8438426
3999092
3006511
1783110
1783112
11264684
6767636
5901243
5485720
10226634
5813236
3579058
8369894
8552650
6540937
2080045
1702991
3582756
8593724
10020281
10674663
8001979
9206047
7423184
2198007
1927929
3282111
6382534
4552981
4529637
2400257
4292902
1939910
5408459
10540682
5687762
6570545
8577742
5493695
5753589
3080039
2068541
8093216
3028000
4491889
3547988
5754679
10153832
9544572
2498069
11595908
8653678
3993397
1709112
10144752
316261
8895876
6731100
1632315
6836933
3197122
29576
10836399
1720684
3750814
10669761
10186919
1017615
8124377
1911090
3896213
1584600
3037088
6689520
3123480
8095777
673281
10381052
4184032
2300859
50242
10502646
10004381
4726635
3376108
1499431
3747526
4123682
4583636
2256452
5304287
5676326
111312
2876740
8718159
5809934
9348877
9912613
1508007
7869707
3589740
4479320
6807298
1418591
7794053
1219368
1041720
5448221
2204964
7153288
5576634
1854951
5384246
9782084
9985706
7695130
5400574
9876951
7743831
264972
6003667
6809723
9252261
5488719
7918646
2480658
3305866
1764626
4795867
7596514
5798390
5939490
915484
7557086
2992627
9446102
3139164
7593495
8961231
4828878
6388225
4426788
8107326
6643187
4027377
10978708
8794970
6140619
4243993
7587668
4639894
5861717
7762390
4872660
8271607
5396616
1171494
3077410
3945939
3264825
9385210
8422463
3087615
3975530
2780958
7184548
1596119
3406895
1378113
6398192
7921144
1134453
5081016
4241739
6767288
8056855
3342875
7138492
3585758
11015056
7600477
3217138
2921740
7261086
639987
6390795
3739686
4668888
8043962
1031386
1883623
4295244
5178202
9144373
9667458
5050357
4121965
5479340
8971231
4236531
10841730
8586057
10470030
9494628
2888037
10458091
8793772
3723265
7925247
5971244
3711377
9852925
9735199
4269081
5446655
3683352
4153666
2616
8582802
9382836
4408877
7739892
1352585
4311388
6548873
3114308
9214223
4948553
8970985
9429590
9659884
8315744
3253507
3195230
3195231
8182165
4327058
5031372
2578413
6708949
1665099
4549531
8193435
2717496
8496849
2278695
10939410
7724671
8732816
3947344
1114383
8733432
8341473
359227
2008499
825911
4540667
9770422
6955929
10447169
2756359
4707011
1638654
6116712
6725707
6725700
7701664
2283099
941242
1469444
7697196
9724561
7877566
3924352
9403097
8904324
1454186
7659603
3095493
4055117
7914570
2506953
5459288
7875388
1607738
4875471
4903849
9516215
4770021
4612474
2409648
5140176
4223421
2318261
7635689
1203791
5992140
7804557
8420341
5517784
6670237
4224512
7805606
7805608
4853429
5767568
3619424
5244608
102231
5091498
8713378
3040188
2118733
7327692
2737262
1431982
8575462
10678505
8850001
9024114
3826631
3885103
3246142
5108212
5429655
5457860
7327522
9828539
3682924
1988385
1476338
8475181
3371034
3302242
6351839
1423531
5564600
5430533
3673956
8287543
1603336
8811826
3916768
5241838
6693080
8962667
7173193
2776800
10981530
2650238
4598231
8652257
8652256
8813083
3775027
8345835
1694854
5710886
1117777
7187891
6408215
2719424
4727520
3080057
9498953
6589491
9276402
4000257
892640
4754757
10422293
4371956
3460838
9130507
8685575
626320
4991141
8196863
10977562
9364067
10293754
8315684
8929460
2388486
10654152
3683293
2412267
620866
4624100
112451
1480953
6171465
9120131
7707296
6944472
9868107
1669288
9562395
8616918
4195795
10579014
1868851
7463053
9768668
1795955
4222350
6037589
1208079
11390421
9767486
4889638
9446837
10445715
4949292
1985875
1500583
1744723
5979426
5995826
1754773
2589772
2561428
6877908
5084802
9352621
3963444
2278207
2513956
3595314
2226282
7072400
6865818
1260828
11169501
3919310
10554514
4649981
10421723
4495666
9517388
3604788
4908151
4029070
973854
8764396
7147947
10082983
6557836
3057928
3339435
4802788
9956867
3848256
10266677
3044612
2024168
2281803
8933890
1093345
8273923
3347397
6302219
1690359
6114385
8556273
3329581
602551
6000736
2241688
9975028
5352083
8445182
8370373
1726493
5226905
5631640
1586886
9157898
3206858
2529512
9872689
5265016
5223022
362050
7511594
6027573
9005296
6886520
6227786
2760628
2083964
1217758
1527207
11058203
5528117
9068811
6260370
555031
7387849
1241856
9056946
4415397
4010948
8380851
7970801
9911659
10242903
6496391
7732487
5820840
2293493
1299766
9325316
6254970
3184999
2980923
6705527
7822627
5812220
1531181
5998572
10947560
2833723
5494
6724893
5904344
6336565
4081826
4186032
1176878
3526347
4634529
7996459
4866516
8846594
7448138
2332544
1592183
4244678
8653915
9321548
9952202
6365460
2434992
9441325
3057119
3072716
4174172
866164
4941470
1742984
1849438
2714630
1293556
7263121
6695129
5215129
1655879
2780347
8034900
6122207
1465972
2085807
7247344
7963451
2024088
4386326
7848506
9845363
7645428
9793069
2425779
6785465
5483518
4972113
6482194
4698229
6164876
2823472
2486514
1663040
9425215
3483117
6655417
1185265
7987656
8911661
7952139
4568636
6175919
5066109
3478584
1985467
8804865
8349954
1409808
3031314
3056997
2473639
3010682
1227889
10250908
3961232
7911484
2194258
3560239
1741919
3475849
9560854
2459538
7316936
7030696
5046913
4756738
6996433
498694
5629998
6542715
2800712
6786209
3698878
7639580
2331785
4946680
6399432
9472520
9590042
5796973
2884599
4483806
3319137
9948866
7269537
1494282
2264537
8820715
4187031
379290
3922034
2109884
4122840
118965
1221337
3070605
795794
11103238
7800907
6942673
2167670
6152755
2084696
6874121
6306850
9824816
8727683
7167379
4205302
5428791
1363140
8538044
9130527
1751653
3711615
1177328
4314271
10789175
3225655
2173040
3547142
9008
6322025
4998028
11016705
9857908
11182984
7736229
8811911
4435126
8094051
6377893
3987499
2909122
6390989
8934529
1665444
10435448
8520447
8906755
3325889
2861562
4928035
6308096
6602644
9912656
6467309
4586173
3296272
7222407
7442066
10572827
5243284
5537104
7707815
8906132
11171299
1192386
10190045
7165707
3691050
3289890
8479212
5730579
4236858
9094687
6345538
5337075
2656756
8407423
8260366
7499500
5019967
8460883
2004510
3861631
4832868
9737339
4220080
9813450
6491068
10430099
7527198
1330596
5731482
2406660
1444631
4450018
7361988
8387633
7347256
8560291
616667
9888810
8512711
7867135
10112519
2904759
1010443
8441377
9039903
4055307
7490708
8501783
6910837
994330
2863456
2166011
2483610
5095072
4033702
2802299
3629718
2984170
10188274
9162960
7505884
6388882
3588604
5856789
4205820
5652661
2805099
909219
3793159
7904956
5539257
11049365
6493964
9264638
1093818
5030999
2100599
2321292
2580523
2580522
2286489
6448548
10698600
1571020
7787066
8701371
6286143
1410003
2920900
1266881
8208516
6190806
7946203
6734200
5515800
3899080
9211928
10644390
5777593
7136412
3241104
4737166
2977217
536812
8235918
4238399
10805012
4666840
6624637
8563168
6966531
3686893
5303689
3229063
8519733
3065704
9230747
9394518
7118620
4548119
148721
6102368
3911906
7589351
10276160
9923700
6176702
7484076
9012082
6614127
9235197
8015234
7725638
3496853
4141949
3863771
9842965
4132033
6475116
1147913
1682478
9729591
803634
9881429
4372009
3437187
7798452
9681968
6706350
9205510
3004831
9881575
8712265
7670486
4040621
1055519
2795147
9138862
2953985
6710502
2979306
10473202
3102598
4332254
2608748
5522071
1481237
2439806
7919817
6502145
3480804
1443079
2287097
9158939
7285397
1081751
4824882
3188076
4473869
1711420
3940946
6245990
2368301
2912522
7843678
1986977
4433182
7709447
9168866
5200052
8460273
9108173
7962703
776749
4566854
2491410
4117922
8190647
4672282
10334379
4103374
7000152
3521810
4712696
2734527
959487
3569813
4735029
7075135
405348
6549346
1779242
4786394
4756714
9759077
8577895
1651384
8079106
9957301
6118220
2529306
4137654
2747581
4973986
10487597
4864036
8724537
1752008
1967325
5349551
4802244
1819351
3827813
10835032
9346109
3711982
4338444
2486673
3402529
9561054
4943310
9625637
10570522
9062643
9531931
7326212
10142382
8843268
5320774
5424207
3466327
4969287
11015604
5012079
8688162
6102242
2017932
4668479
6950950
10550495
4178726
2386685
5151737
6439674
2837207
5197321
3852393
5850106
8505332
10435468
3652012
265851
2308442
9606669
882802
2494277
3767115
8603536
11088140
7746111
5772089
3076480
4444504
9903646
10876444
10790251
8052146
4234385
4545712
7650182
6963159
5385423
3636416
2797952
6230134
5740124
2014772
10066148
11397865
9324237
7482718
1400861
7986404
5756924
3237342
5220511
7803315
9771950
6399620
2932852
7911787
1665184
9360640
9681223
7847365
5273183
8046775
1698460
3410711
935700
3951619
5806952
8387619
8559511
4821852
11164218
6522121
8335545
9986758
9024520
4151958
3566818
7545481
4166613
1073571
2100352
9039926
9256051
1075637
10519883
6651740
7927305
6784459
3311420
4437425
3838644
9153352
8915800
8656654
9465446
2069496
1275452
2999447
2190300
6064838
7039333
3906844
4143707
2847609
3758387
1981625
9040370
1676645
3796260
5631599
8813104
2526824
10919473
3491051
1937392
11064827
669494
8642482
3245317
8299176
6862498
6707258
8426975
3672052
6374050
5255674
9705891
5252323
2703412
8214113
6149010
4879879
7199713
7925223
9711609
8055276
5172101
8536840
6723768
2615562
582610
2737214
622690
5542596
9609244
2518784
7930396
7930397
4914821
8003514
3876556
4186079
6479493
7560878
6220242
10848402
3392788
5680729
8007684
2045310
9003758
6501162
3098414
6483206
6083998
8582714
7551352
1536382
2112657
7557211
8128032
7212445
8319882
10742019
3493348
6456848
7165955
3833337
5083388
9724090
6761040
5322056
3768493
1001171
4434994
4237354
6149014
1915015
9960704
8257664
3258478
7483620
3058208
4857643
10297551
6553676
2307878
7570357
5509159
8886243
4540687
4930996
8489738
1459401
3666159
6047684
1459409
9337761
9270126
4898580
9380906
3426038
8784135
4485994
3244030
4155024
4206593
10163229
7508589
7060918
4382333
9289494
4719628
8834813
6869420
8668127
6097870
4430998
8961157
3191112
9382225
3265560
8533797
6006259
6882784
10268392
3569292
968395
8768685
3903194
5890153
8015415
8180321
10650485
2777809
2136716
6622108
10204520
4972518
7705697
2734760
733174
8325958
1975619
5924969
3044027
5651093
1799279
6218962
1265219
1861145
9368251
6403282
2755347
5010212
7070092
2984030
3245785
9611523
6870414
7943934
1548118
9620848
1327978
2863587
5546772
7788704
929872
7093828
4073089
494287
6525294
1813706
1246151
5938075
5004831
5917916
9712925
7536952
3439790
10142450
9420731
1053282
6500795
8555305
11128102
7868498
4394419
10778775
3221318
5484530
5646801
7726088
5239702
9146257
3615925
6628333
9161792
8463742
7803667
4232028
5375195
3776530
4831218
1876673
3603277
8809038
7917591
3450137
5661973
4518319
2164607
3955624
9344874
3593801
4159140
9076929
2218283
445527
1254977
4649425
9912833
2089123
8632125
5846962
10540067
10975759
6630036
5367246
4653478
704104
284273
2071186
5830455
10478882
8989873
992847
10230260
6034404
542718
7372635
4416564
8806875
9371031
11031353
6254100
9439241
5204127
8885877
10099430
5999278
3037774
3792396
2871136
1684304
7730021
9850647
5573082
9256223
4278116
4014848
5567673
1197643
8446383
5225794
3898831
9233364
2114421
7598337
3200859
6766407
10316795
1417554
9666956
5540359
3591383
10081973
8838603
5899238
2269099
3277460
3952566
9739935
8066413
3650124
3552328
3187782
1971257
5476870
5782626
982974
9157833
10648496
9395164
5993262
3733833
10521612
2845287
821267
5098593
8010392
3078958
2762778
6305678
4197006
7497444
43430
2249146
4766517
2721605
2330008
8201443
10458171
10655063
7370001
8471366
9022909
3889611
4064902
9743534
942516
8222754
5967852
3988233
2568499
7956959
8723392
9779454
7260977
1722933
4081551
6124151
7554154
3088169
9951566
6525881
2574452
1024377
4187229
5475750
7809158
2393806
7083019
3266639
9232564
3976693
5650779
3821752
3976694
6481488
827693
7262051
2045480
7209220
8504310
7615430
5411714
9135458
1843530
5822075
5371869
9060277
9750639
8566397
3106966
8662413
1646671
7878522
4644998
2888340
8621410
1381066
231517
2986647
5504995
9946869
5563101
5691784
8035308
6106488
317585
8158197
9278260
2617175
4080060
5109485
1910000
3897687
10328640
1304497
1479428
2082496
3264946
5219709
4040524
10056128
5772327
4851710
437859
6437744
8523964
2806078
5812823
10517030
1259005
8487516
5438618
8398344
2897888
11163457
5974226
520933
8716963
3510592
5090738
8514027
3785674
2916115
1806459
1181293
6576534
8367290
5507265
7165355
6178470
3663187
2369888
6663966
2794167
2811299
4169144
8656037
6432923
921996
10587745
2948376
10474327
7138087
6202180
6576289
8561377
8275356
10344006
10233019
5984056
1266020
9355541
10438028
3231297
65117
3690281
2480593
10932942
2426914
4975982
5467040
4019604
2425932
1550255
7046542
2024712
8234014
2414187
10605883
7653234
1874521
2012836
8387428
1395267
9369119
2039315
1448508
6358551
4555351
5940804
5471426
2476681
10426684
5366924
2563715
4237972
9682311
6580130
4744878
5540655
7301394
10147208
5544579
3307497
8750849
1135015
5865867
5206504
10619110
1515221
2432185
7956845
4219203
10973693
4867613
5388717
5911435
1275640
6852451
11031907
3531791
4788249
10495740
9499208
1087965
3542953
9047780
2333608
3354685
10689042
3268440
9839771
7048446
7808411
3061901
3038050
3077645
968105
10351080
1876387
8102606
3829028
3829021
8632049
3110484
6800462
9547825
8159451
1941912
9227477
1855268
8026568
3890952
5730739
8479542
6877981
3222329
9894043
5938988
4087073
3628648
3091344
2719997
4186344
8025266
3043121
3636459
613697
2262295
7457284
8550174
5328602
4179090
6506016
1792343
7804653
4237418
4631439
10416185
3459192
5447196
4045223
792651
9437584
11545762
6156652
3308589
1644066
5581869
4646104
7498961
357960
3244223
1279429
4949214
2471482
1984168
6261271
4610858
9826537
9046547
10193315
4764301
80158
1823552
7937833
7492849
5821882
9416653
10273644
7416337
8762916
6302320
5455316
5831453
5029212
8178842
3107310
6285623
4908220
4355872
929088
2378472
7452459
3049314
2034805
5436313
9956756
5675927
2823993
4485812
5460983
2059729
8168675
9710192
7392841
6163525
1976915
8560987
2237865
7546795
9953090
8718572
4803476
9585838
10094656
1928318
9545749
3998863
2892765
1331377
397432
6826460
1418374
4543760
9824177
10576438
2560870
8245785
3491097
1178180
5796871
6181118
768357
9008668
2927979
3622558
8593604
6657151
2516210
8027283
8938680
1824703
2118446
2998752
3650818
11081276
8935437
10652608
2855344
3662042
3790448
9555715
4284282
210599
2881024
9779654
6224613
11223288
1393461
4029932
4138367
2289425
8492766
4126799
10035478
5919207
5174518
8253330
2997443
5759802
8142707
3973208
2750846
5216935
9098062
4563123
6187886
7334149
1843516
5510925
7875974
384786
7229337
3160301
9596110
1016016
10001949
5142569
5246333
9808716
10251165
3683802
1944173
5159096
4174436
2607694
2398597
7015188
2861819
10186523
663509
7203518
6673372
3232647
2112219
5646635
1115325
1006480
5392885
4368493
10175284
10092884
7513005
3398807
6555499
5633659
5314338
8576206
5149611
3821462
7510264
4462808
10143848
6047648
5074755
8426813
9612681
9216244
6355717
6123224
3500568
1464042
9010460
9183259
10951807
10876365
9216426
1118632
2956763
11143584
2837830
5129925
8284874
2305217
8132379
6786060
7416104
3182524
5796603
10786966
3866504
8376452
1530698
10993718
1902237
1821709
4695443
22214
1895105
9300015
1963260
1622119
3545665
4512307
5643247
2535711
9025002
9205619
6186379
9246114
1629135
7365072
5370106
9769228
3116761
8353186
3499974
1216337
2790118
4608265
5682026
4205430
8063656
2819276
5416226
3279785
3107109
2353096
5531714
9793989
2434144
9632470
10410060
1443005
8185067
4519379
9654119
9588052
2838716
3091335
3706219
8681393
4936442
5475129
2844475
250769
2034778
6500286
6093511
3542971
7101258
9357079
7093890
10624883
10844726
3666938
7681201
5296184
6921986
7401615
5603194
1326515
1746654
2715843
7822561
4506062
8521177
5624099
8702679
6050046
3243910
10606941
4071735
7188666
6552375
10764440
3373639
6913304
2554412
2838975
3035327
8777451
6570324
9512108
7784495
6185548
5287835
1204811
7570149
4620374
9780852
8806832
4674669
6944015
1516169
9844115
9844445
6275876
5461070
6835593
7713119
3981485
7986135
9405134
7641591
10461651
1532047
1669082
5478400
1402868
2545161
771271
3942586
818932
7503984
8270713
9979424
4741082
8904205
2923116
5952080
4466725
1098159
6407557
5153770
3893404
1567562
3923530
3401279
6547852
11095659
4584246
1687870
7636314
5805537
5038009
11191855
8629380
7471295
10067253
10991962
6288889
9518622
833674
10514504
1500471
1402395
1146818
4822422
3611091
3773670
9850351
9418396
4760952
8109703
4028967
5947430
4500256
2627080
8995863
9694822
9669649
5233716
1812241
9953389
5867233
6809457
3075328
3490280
2863406
5068684
9260816
6498243
2306582
6376214
7064719
1247242
1887803
8209175
7390609
9282170
4490587
4021379
6612568
7234283
7349586
3672295
7777565
7577055
4182389
3650835
1508380
6013074
4349000
2399354
3395552
7503219
5713629
7789647
1737031
5768820
3323246
7481680
2332701
10975963
2774033
6466833
8392153
9147351
9131881
9699202
2595744
10654377
7685753
7300034
8325110
8217731
4331366
7956991
3717348
3928518
9067997
5202326
1742893
8030375
5216667
6774174
3535814
8815554
7135973
10191270
638974
9656980
676718
7131581
10254421
11004294
1886078
3637604
5578863
5969913
9018988
9180050
1930081
6069268
10430838
5660431
8180351
3472311
6977203
2037069
9306066
7089838
4836938
9344919
2745778
10395744
2859400
4222091
1537363
9209677
2880539
1254522
4574191
3982343
1248966
4428592
1169337
1596352
3839384
7713584
6066190
7312904
7136058
5102170
7165313
10452727
10671334
4072554
10752928
6081697
7050506
7535705
5045625
5028513
1251125
3081180
10302916
3627869
9287103
8151153
10549852
5604449
7352303
3291292
7849657
8981808
8625930
7358821
10397542
3423170
4419884
8461761
6645734
10743843
6554746
1432826
9122488
11017573
897227
1147553
9769590
1266811
3374729
7474768
6609613
8962339
7009173
4599767
8770953
959374
6327879
5334139
6873227
7149520
2020199
3712453
6000472
1412011
8673864
8163115
8581864
4678328
6136289
7260054
8273700
5298858
9717327
2343305
1585934
4076258
8546037
6259282
8415624
9298764
3903462
9732858
3304905
10068388
10740001
1324063
10303104
7163941
1515266
9847706
5772975
1393670
10441786
1598180
4861740
5426640
10767999
1431709
820218
9784026
2254743
4417004
5400704
5396174
958137
7048404
3917182
5594064
7755596
5183945
9496895
1696752
4412421
6405712
8598752
5745489
1423350
8619689
4670322
7763724
9626368
4806795
4304028
2197157
2311406
9344581
419024
582410
2014449
5919170
7564678
9059871
3508687
8555893
6668207
7322746
5922412
8462105
4892742
2474163
7954178
10061376
7227521
3126474
7977531
6254163
5407825
4363651
8643741
1569898
4943750
5676921
9970388
986480
2727151
6218256
10012166
5246103
7050642
7838811
6082898
5511855
1645371
5243555
6490176
5472884
3709414
4309770
5905867
4030862
8354654
6526480
9221417
9715504
2030915
6438206
4207836
2549461
3614178
9768061
3316846
3729382
4479216
2942065
5869383
3803522
7284471
3863684
9154445
7502904
1879348
3660006
2279087
9114127
4992816
8113210
4818631
9758198
5678989
7239344
2079594
6767732
2866107
3351596
6616247
8764464
7225385
248486
4161675
7327460
6804742
5505909
5511761
908270
4927250
4722703
6448692
1585764
1837632
2462590
4713377
7988558
9477507
1615733
9692092
8634487
9640502
7477942
4881948
4960007
8245120
9496972
3725609
7462881
6709827
1172258
10146456
802848
1792205
1370586
1406917
2715145
4330356
3895133
3817849
2662144
2087444
9384180
8687911
2622854
5982705
3247537
4102164
10203148
3205776
4040932
7540277
6241976
3920094
3088103
2775902
11157232
3019971
6027170
4183107
8022292
6479277
407046
9147954
3272710
6266395
8976800
1769446
7547582
8252279
3826056
1371987
9049941
5231591
6187841
6984473
4385493
8462715
1633132
10636481
8352304
1889367
10686442
8098794
9023766
11047289
6301729
6865131
3643570
7949233
6660493
8694704
10286193
9837170
5965100
2421150
872358
2741476
1867779
2936059
5944773
10438372
11141762
1900096
7917870
6063587
4048687
1960981
3874257
1921873
6439278
5486373
2763104
9984610
474983
639187
8053602
1095351
9333133
8210729
1717540
6367426
9456374
6088059
2707577
5458398
1487200
2276050
8777257
3397564
8740098
2819350
9970974
1285195
258429
2434471
8472559
8520370
8789643
9456190
11057541
8327256
9648394
5727829
8134740
3801550
8254555
9073592
2814886
3801556
3232988
6793662
9877768
2007525
5661204
4837245
3906220
7341576
7397022
5520907
5284063
7179920
2081444
4134889
10272050
7321840
6861553
6448223
8989771
4192350
1507734
4384511
454366
9888686
8528109
5818857
971072
7723528
7696826
7492067
7693525
1772361
9587356
6085280
1952928
5780218
5355803
9066434
5546331
7547914
1970471
4681011
10618594
11196771
4316746
3448525
2901600
11215433
567592
3820293
5778663
1977876
8876620
2385443
2080156
8828433
6436889
10663623
702920
5690907
8453467
10818442
3976448
4952081
10329761
8603141
3942446
7983066
9739297
109475
8513915
9491736
2893201
7686462
6816257
9769725
4007142
8845497
1699191
10012141
9538419
7241356
6982342
7089971
10133575
11226193
6449472
10304550
5582072
2176482
4851493
4233802
4181971
8726230
7303312
9445817
6175604
7510560
9642630
2273674
5366194
3340344
10500470
3183988
7398830
5177431
2699408
3252155
8402534
3138784
9984528
6247490
10918216
5511845
4944916
4524247
10793576
842820
2094753
4386264
7743697
9097209
10416925
449727
8440359
1249686
9775457
6036991
4779
1378916
5790517
4607506
4234092
2088968
10538876
3596535
3142347
3591212
2661635
3207690
1913164
8588512
990615
7150968
3734021
9718298
1438762
7850526
6473004
8869518
2145031
8491301
7370880
2378012
4084671
3391603
7603026
11155314
8772124
10467598
2114644
5316565
9372580
2011993
7685473
7700149
2387108
7243242
4364402
6749343
485311
9742951
4073492
7497006
2338375
2220623
1992913
7006326
3597116
3420683
9521440
3406982
6457267
6077224
4172388
10038112
7602953
1860812
2516279
7607073
10135832
1912955
2461842
5112255
7428511
3643687
8972143
9637001
4668535
8932945
7319291
5944643
1970861
9044223
3064926
1618247
6661303
8555171
4735493
5496799
8202166
9926403
694263
5660473
2351819
5470076
11020465
7541701
1640400
8252295
10568643
714123
8347062
3975140
2560140
9031006
7874717
5977034
6044288
3987150
3395030
2710020
8419689
7708947
7256635
5203364
804274
6047958
9629967
9698309
1192752
9279602
6393088
8088726
9370374
10809630
8907729
2019276
5874876
1709431
5384306
3461805
4432023
1029946
6923077
1208088
9362606
4369788
10872791
7347005
8002493
3998577
8382387
9812895
9754043
822823
5901536
7529614
9722591
6264877
6237511
434058
6393621
2533778
1137447
627847
1240452
4134647
5567669
1335401
8369678
9946716
5679975
5200187
8114693
6762849
4306166
1641324
9531565
8803069
11245975
10037449
10779285
7198916
3266901
1839892
7820811
5388305
3331722
8231470
3250766
1359798
11310694
10807675
2234382
622932
5448744
5257521
3753818
8482415
5050214
2895335
1082805
8568641
2440654
4705913
1872426
10456509
7323152
346921
5201858
9096762
3046856
3289711
6274298
9113810
4128354
3770672
3825180
8902859
5090723
3932126
8658964
4060892
1595518
5707958
8200064
11270427
6057217
10757699
9100420
1325913
8847187
3234976
6260567
5753259
5784074
1364644
10286655
1563549
9194887
1048420
10484572
5386268
2669398
8814941
10737003
8240661
6020569
2410590
4351265
3669311
1273889
3781530
8346219
9448780
8255009
362688
8346211
5721743
7213434
3225814
4849012
2847942
1764650
11217364
4236670
3218297
7971186
10912094
7100143
9529084
2844908
2224821
3504762
9426281
9203188
9816437
9812391
8325728
10605250
11176481
2477738
8031296
3033787
8529389
2813401
1694490
10838601
8630857
9725753
1641698
4216197
6245755
6555578
2860360
9627051
7222394
8077208
1576901
1256513
3813771
6202636
7252859
4912512
5468276
5468270
1701460
1365934
9869416
2275237
4097705
2507728
123089
2193529
2463750
4548960
5548688
4153694
4844630
3452153
7524223
8186276
6756037
8878960
10814063
10322375
8062848
4790898
4560702
8564154
9442061
9887239
6207059
10279197
7774434
1328980
7294640
4372064
4458316
6692899
4210474
7075276
11300563
6755711
4499350
5292140
5249291
6865906
5705884
9560662
10260275
9007791
6373648
8731430
1649347
1511029
8209488
2149252
8068760
2114195
6186272
10128805
8229787
8984009
5611710
2696665
5406028
5637921
1803225
10208099
6229165
2264987
2416750
5094090
5307322
7873126
5395589
4743085
5364003
3479970
5236051
5374985
9124354
7625547
3946865
9329012
927950
4451348
9726862
739272
10759790
1645921
9466036
5431703
9619392
6308895
5825559
4076537
9420679
5254698
5870750
2225690
6274176
2197783
8524320
6597141
3992239
1475297
3518155
10997420
9175755
7044007
3793574
4937638
5596943
6750099
6521247
4591508
8399869
910096
307834
5934298
4792866
9408812
5098928
6226695
10068113
1695224
11201503
19363
1953861
6456917
4200773
4192005
2186125
10538101
3059320
8239846
10950750
10400400
9067755
9067025
10158336
1063935
443512
735105
8721047
2232351
9845412
5399916
2218566
8426544
7577288
4309509
1613209
7728111
1439358
3640944
7564579
1811999
7528504
3391969
2217710
10322141
5086951
699035
6490850
1209914
2601578
8726258
449689
1635903
2029650
5254051
9112837
6993627
4234781
6042354
2574878
3173190
3510530
9967785
5567687
10315408
2300246
3085551
6361186
4155755
3666559
7305076
6691756
4745848
8661327
10438845
1517281
981623
6019566
1934920
3458257
6927221
5234818
2000313
9123598
541149
7258522
6231050
10659294
5530158
9041983
3380881
3231369
4483005
6644443
8959142
1497992
2258518
1581317
3859129
3985533
6695698
8487433
2562827
9178725
7360111
6040856
11241767
2225866
3428384
9672789
8242663
1258939
1834323
5651014
4267143
5080755
5247093
6402447
1718150
8563610
3007175
6071512
9416107
4756376
8678063
10568416
2163505
7638946
6066911
1062219
2423742
9033395
4888670
5124859
1282396
7074282
8946484
6224737
6224734
1290747
9566096
5636845
7916460
3692507
1833241
2369053
5427170
8609978
6120313
8602216
1601389
7506502
4825299
9032629
9110527
4010804
4825294
9041692
6268243
3387053
8935743
3978136
2637752
4293612
9353264
4471331
7616173
7746932
7822073
6198675
6834462
8414464
3683941
8650888
8898656
3298409
2751875
1705711
4024683
2368656
6277227
9863926
10012104
1016472
5045943
3767097
8841826
6433554
5892451
8391943
9641469
1516256
2804604
4640154
4309717
6359652
7215821
7215828
2104459
8148392
3304185
9556665
11142042
1456768
8113998
3283395
10994027
2029464
7472033
6059630
4824652
3785802
2825063
3612292
1500962
9328072
10625745
6265660
8359391
7659036
7054122
3263986
8761383
7771170
7410327
7632736
10130042
8980987
9123431
7185100
1257024
5592257
10344168
8391266
5058661
5333375
5499380
3640084
4765050
5902131
9409192
5278906
4290456
1471735
1911492
5098573
9460999
11410339
2660651
10774748
2062675
8640226
4983292
8935105
2320216
6938813
1795552
5067864
8984024
11276170
5939891
10509942
1672239
1378401
2854677
6633675
10136839
5138323
2948413
9879387
9905341
9375716
1867110
2512644
1414634
5887360
4323677
10272131
10640528
5688839
6834673
895863
4830208
4633234
2580036
6862879
6356441
10411721
3835171
5937020
10010247
8101176
1032229
8463082
4021592
6612385
9781598
6947038
9896335
10748399
10244679
4505129
5529736
10965114
3407676
4311164
4748586
4877103
7678445
10345402
6725074
4448377
5041474
1182752
7551229
4481164
7707739
2469262
5169599
8287866
7132694
6790890
5904274
6865151
6570062
3843578
3534020
4548773
1516064
1891288
7485522
1311011
8808443
6470987
7079470
2256914
7648111
10253380
10452547
4407823
1635326
9754000
8461277
10597016
6455627
7706176
5248042
9155189
8686152
9277494
4353108
8098155
7867959
2262532
3510556
8776186
2381420
5262109
6269977
6280222
1880307
8192875
10429619
6968978
6060984
1880308
2794706
6309178
170509
10656231
7770634
9032727
5682889
10707985
4206755
7121904
8815699
7948341
2250512
3955163
6114177
998542
6320339
2304896
1575794
7952260
3227712
5500523
1283734
4987253
2889068
1874341
8966073
6873199
150692
9293585
1942675
3831791
461290
1543847
8116165
7286487
9398974
5743960
10298914
4278295
5455079
4601551
5535522
9519303
7086846
5387066
10263874
10014158
3707278
9802518
9043079
8000249
3513512
9395834
2928440
3260511
4786759
2444154
9779288
1976106
1512759
8613633
1002193
2294573
9618029
10146590
4394938
5901013
5699550
6102558
10329430
9025465
3246277
8374792
9890461
2344019
4930191
1508326
59733
6091448
2293464
6051155
3946079
1761113
11025324
6010559
10285582
10637168
9659560
4196022
8437809
5516718
4347545
5546397
2200099
8273342
2751666
6933401
3961913
1043555
3247324
5277378
5512721
2447170
1672211
6205889
7343402
1260392
10430914
5870272
4389075
9466598
1016450
2182031
2745893
3237957
6493487
9871710
3301148
10545230
4926615
1728258
3847301
8716020
3103654
3859626
8384275
3267397
1602083
9896925
7687791
6399888
6926925
8363871
1054706
3334323
7358656
34031
3577311
5454047
8897329
3627962
3409617
10489884
6411409
3691124
3535640
4865221
7898923
2272725
2081834
6631503
7535599
3594959
5846200
2457329
3235459
5437111
3981286
1590794
6755576
7866531
9602630
10392964
4043154
10722075
1160134
5157759
10506651
8411256
4479427
7859669
1717801
6458199
8848046
7186780
10411361
2048668
8087808
1929112
3994029
5765373
468251
10314882
3116138
7443355
5518900
8270399
5121423
6255858
10670619
5019057
1125765
1374281
401440
9079121
6358457
3923403
3368249
10860027
9105662
4515996
8552979
10183312
4678159
5547701
9153283
2209911
10297973
5496587
7392918
4924548
4303636
6066699
2963321
6385030
7465165
1559119
1808223
3327051
5772854
10381403
499355
8883769
5057099
5686061
3514478
9755395
4898956
7173109
9687467
10258251
1872703
7755363
2445945
8168935
2542844
1830557
5630643
5197576
1521538
7822485
7744727
6461040
8276614
11131361
2869189
8063457
7109084
6973231
7780604
4123982
8934291
8966871
8835712
637378
10399840
5441248
1129275
7064625
5597589
450995
2175832
3190778
5791431
7950243
2998811
8945863
10841640
10029698
4544278
2385216
3687779
5778899
9986050
10828952
3801933
3990530
8933339
10461757
1643386
6927679
8343693
6194059
2434661
3103538
3500039
7651772
4078154
1827642
9933383
4208109
7951048
7533318
3578637
8944543
4706786
10752366
3638911
10472863
2177473
8281157
3426382
10133053
1362080
1663222
1040799
9355386
3799540
5361792
4062373
8018345
8897468
8231496
9425501
8261423
2637886
8734361
7396002
5943688
3994834
5199159
6022360
6449199
11153447
11020006
9845053
8470289
6145894
753531
1751628
2978181
5050727
5162147
1175877
8487344
9337418
1094002
4211912
9673293
7743849
2991297
5201830
8557833
6786465
6663722
3398948
9947423
5777127
1241602
4400495
5543856
1020465
10772404
2124476
10559443
7847397
1427907
6790285
9042492
8330474
213687
1511304
7672914
7415338
5824058
4388099
7302820
4209280
9037304
1979677
9307110
3871645
4262651
3432952
9804633
2563081
2914282
2460586
7380861
4315508
4880141
1654582
1508648
10865460
6257576
10109293
10327617
6013242
6013247
539757
5970015
5542108
7644115
9916806
5752766
3348814
4755827
9165544
5591476
2460764
10500449
203511
9734564
3278107
6629848
3371948
5006786
5458949
9247844
4158013
3739632
2941058
2997920
4906387
1183360
9291953
9809941
11129415
5032034
5057667
8462961
2650079
5720055
1298285
5933073
2518597
9817058
5318956
8550512
35143
6112196
5989619
6093193
8433146
2344961
5068227
7402951
2436295
1644118
6548516
3769739
2204107
8128311
4197754
6089518
715987
7944816
3763477
3156809
8052299
10011256
4791960
1181591
1203416
8405899
2776083
10536305
2488354
9410427
8149376
5220825
7417407
1655753
5365260
3560934
130535
5740014
7398969
2893824
4982861
1820945
6178682
1827236
1971122
3796665
3510901
3851327
6759819
1685301
3063164
5823892
431699
1722687
6424201
6284262
6033970
2331608
6302452
4677010
5310462
4364667
8501473
4503653
4203280
7697417
4320969
9132633
4072638
5748674
1013529
11436097
2278008
3763894
10954503
10501099
4371665
11299903
4266934
5045433
3888698
1791292
1473233
797892
1651279
3625361
4761574
6161701
3220476
2803966
2231184
3477842
8598713
6652327
5090264
5030776
8535511
7805102
1437190
11167183
8293033
8129732
6187163
1834253
5400936
3873097
10456807
271994
801599
1128250
8143334
1937267
3489208
3491167
10379764
7639510
2542869
7857088
8671771
3245220
4873864
6894904
6760916
1221140
11072405
7311112
3717218
5787855
2423069
8125941
1887129
1757086
6128058
5613885
6621125
3703616
2175819
7899866
3996409
7520926
2926387
5950243
4723037
1309170
1087429
4597536
4935325
2254004
2959398
9955829
2193916
2222553
2297649
6261312
8867654
8219851
9882954
10412252
10260020
8286992
10292121
8712007
8520845
4332557
6288620
10769491
5765431
4108071
6710365
5428234
9592044
2072845
9007678
7023679
8416118
1858061
3526495
4020757
1578175
6483192
6483193
5651222
6197916
4843124
3806497
7931797
3788183
1513017
6212670
2791041
2221589
10612636
2359649
7989253
4139703
7323427
2601595
6351728
2144601
10175990
4940149
3732025
8738683
3525916
2095816
8961975
2233935
7175402
6196537
8844571
1985596
10879242
213801
8268895
925348
1582115
10458698
11181323
7887025
3289068
10726813
10252020
3922102
439712
5547553
9162667
7457911
9930033
9804929
3479070
9999112
7142742
7679057
1821631
3132433
4910440
2820008
10894548
515899
11033303
5761432
4219561
3165152
2226968
3041764
9976785
7784810
200883
10709092
3128998
8198267
6584187
462385
2337418
3597271
1815368
4417600
3867561
3316053
2008216
10138290
8972246
2468481
9838530
6009981
3195425
8110443
2201989
4806283
1294605
8096785
7073792
9313224
6710171
9847161
1475517
3281339
7292762
5503322
10289979
8900179
1260461
7526682
8288821
6277681
2976488
6517327
4283349
1099703
142781
2822255
10144404
4002643
5634934
7649471
6984732
4944602
3945564
4933969
7439068
1506045
6801809
6530410
7972866
4831277
8657884
10560206
2266087
6986640
7276331
9341919
6963888
11028483
6889481
847638
1584155
2940245
9063514
6726423
5211454
5267229
6467761
4635171
11156113
928132
1266455
7170316
4354723
4384850
5043156
8808099
6913276
6794587
6285990
9196649
5333469
3390487
4155854
10044787
6039817
3698782
10719787
5447085
3180964
2897855
5775902
3075753
5466582
8395066
8733796
9678563
3980735
1459725
3433961
872961
1273575
5867185
6846850
6888044
7357250
2246471
5168476
1093704
2452295
9900626
7153157
9255500
4174316
7316968
925662
9560881
7947719
687619
6255548
5021108
3949388
3690565
965279
8138946
5827263
4659365
1943385
1111855
3903014
4975842
9011377
10806165
7814484
1564986
8838594
8109633
172774
3811272
2216311
8113345
1647611
3379954
9187067
9043863
794528
2151910
963321
7868938
5909595
5335052
2672052
2415442
4618648
8449591
10642420
6653563
4610392
10364780
2413798
10912489
9421548
6457488
5712959
5107105
7028743
1672839
2795191
10782345
7600817
10187387
7853186
7419102
3527705
1670478
1207593
6828632
1924302
5551611
3929595
3266747
1613540
6153941
7627865
6464986
8278216
9598712
7191925
1546444
8128486
3795306
11245560
7673429
8484686
8089567
8378425
8929282
6785700
7931554
6785707
4091564
8083953
1618599
6521128
2208463
8873882
1295400
1516328
5619122
4098832
2318120
2107095
8826351
3631047
9261175
7789919
4353404
1144553
8783370
10478345
8461039
8934862
9665130
10781866
3357062
10438514
5995875
4044566
10177116
1618975
5432231
9924202
3908237
3997482
6337445
1456117
5776906
7524495
560376
8322730
9410859
2825785
9755842
3050361
5756424
6373816
5412805
9678958
5533982
2314447
8658678
5499261
6137797
8032050
452313
4818118
10004226
3690778
1698382
3523702
1942610
10482763
4500890
5863891
8644150
3570008
1616535
4659599
1772961
1430387
1316538
5857089
7486954
3088219
6745548
6114119
5725827
3651008
8471197
5840589
7737772
11155741
3984370
3768960
4708070
3481997
7606084
4231661
2571251
8711790
9455975
9594277
1339738
4414968
1079338
11113494
3873687
9642784
7371414
7638542
836144
2722270
3520615
8018877
2333887
4395509
10556121
7454833
5074538
9727300
6246132
8598620
10700628
4098018
1650778
7247826
8503676
6657900
2321248
4947047
9795328
5432844
4978619
3871822
1152074
1993144
1901138
7111511
6856402
6481361
2005356
6465911
9063748
7466646
9094969
4293481
1423196
6981835
7875320
4007908
2248086
3740402
6801864
178666
6483931
3945540
7885333
2358536
1574707
10903422
4155960
10473615
7517843
7472527
10137721
1467251
2977001
8057535
6681089
7154435
704368
385509
9315567
8983522
9589219
10234784
3198817
1962822
5247697
10383255
1390338
5096382
1764904
8861825
4016278
613949
5920562
9040999
6645103
2099337
8993285
10713733
9040994
4271852
7557268
3249657
3109946
8287794
5252981
1467878
5771248
9775764
7689558
7246060
4943626
7246068
3712421
10104622
10248365
925065
9093516
3893043
7784378
7922044
7990255
4217440
6756007
5300389
2798775
7825950
5394433
5579853
9070036
6408386
8667779
4335707
7205499
3832162
661157
6503517
323189
5952338
6248429
4606329
8344171
2491683
7560294
8311844
810412
2052378
2026843
846037
1204359
2334461
7468162
6807702
10533647
3811211
6243846
9226485
6991410
9002714
5752195
6315650
6554983
6429943
8523580
1375642
3195763
5218188
9634306
1048291
3397599
3644363
2739438
2161064
5044402
8122510
569876
10431928
4975648
4830394
3379839
6102416
2477923
9403969
9458320
4185862
3041262
9661988
5584385
3548312
1933149
3372040
7550864
976562
2515273
2385722
5778381
9005950
2886144
9536288
6052346
1682613
3349735
5701468
9032458
3446506
5121042
916977
4070451
1741542
2986179
2490277
3202513
10977577
9151486
5446783
8427745
4523137
3365021
9868139
10425821
3116242
1659803
5382312
284200
10641415
9664771
4068127
2880646
184047
7721357
8956072
6057959
7855614
2990
6879718
4086975
7598894
2842416
8657961
4912389
2054800
4189905
8011206
8783315
9149713
9546123
1941310
6513944
4280634
2495195
9827695
3732066
8386517
760166
522196
9673768
3963106
9895840
3868092
3595328
7756570
8244522
7711895
10575413
4454010
6522151
7368207
1218420
3214829
2601083
4397129
9038168
7563455
3680257
3633707
6213582
7256960
8317867
8959254
8127494
8499058
4325588
8924816
10476414
6238159
5916775
8043777
6707394
6111811
4043016
8376030
9140677
4032938
4982367
5677801
2752885
4550927
4018809
8938833
9553480
10218187
1542979
2053161
1508596
9369628
1757389
4013434
8353307
5409281
10213756
5889485
5272584
5232212
8140617
8298277
3858120
7825462
7010472
6378272
1923594
10700025
5543345
5206016
9222938
2796698
7255094
9181662
3284839
6751576
9658595
10267997
4959546
7202213
3830198
3326331
4098565
5636653
3066648
4538919
7899146
9778516
10175423
4582235
2333061
7208762
1411655
6914278
7653958
5050348
5923092
5607743
10747558
4121732
5317777
5944520
1869658
2179111
4860601
4126706
6808609
10294371
6890555
6297137
4159920
6254963
3140919
7192882
1078198
2727955
8801355
2148986
4191974
10645603
1060818
9107321
3967133
2185627
9317070
4030061
2783686
3769792
3009262
9017954
7038235
7334285
6497651
7151628
5612704
10550230
4036386
4228089
1390319
8559651
4069566
10487490
10030309
520
1506089
2146919
9302621
6396201
714911
3277266
812136
359214
5461725
3167603
8496919
5741699
4808082
5988106
2782023
3167453
1349535
2545018
5786420
7243675
10734594
9336208
5512490
9692928
3278523
5517461
8629454
7963424
3856434
9454580
1694625
2275417
2791965
5333054
4146319
8692627
4672414
1434025
7321301
4588667
2435291
4276681
2125947
6071166
3316952
5952316
2706766
7229501
1716466
4223412
9423184
9950459
9950104
2411191
1302065
3823015
10620791
2401000
11032281
3068303
8213600
7267836
8797928
4147370
9204886
3892620
2535644
2729271
10471498
2216352
10298509
9537833
3838248
5369943
6996421
6015862
7831066
8321702
6200869
1365464
5379347
10986685
6805650
10941259
5495376
4328518
3293430
4327729
7160426
4019696
8785490
4521632
3922753
2060698
8059053
7995583
3000390
1914412
5940894
2844317
6146461
2027337
6180459
8828530
8469597
1240853
9737130
7860538
826832
9499106
4594604
7376210
7812306
2881134
6693541
9385419
7950716
6390371
4101363
4272766
10464787
7680892
2497751
1599024
3561018
4647598
1222479
4465097
5059962
6894292
4101091
3787443
4158265
7119731
3042608
10254377
9498507
8004351
1917855
1863728
2853671
3012859
4863920
3339865
6064279
4128136
7103072
3272600
5366299
8489049
3021915
10351014
6171635
8425942
5855567
10435108
8174944
10070530
6622635
6487589
2893673
10597308
8511857
8332936
2471414
5599216
10718352
10545449
4549995
1541420
2758259
2741658
3971801
2214856
6047716
10830289
4410846
8757941
1755363
10250478
10817690
5091250
1587678
9297805
4514974
6867668
8784278
1127304
8545123
2661883
1377493
6636913
3426349
2596773
9375969
7200496
4027091
6034639
3405096
7174845
7530854
5773708
1155079
7602549
6703112
7602544
9117489
10938575
9624981
8655649
3327896
6364818
8343989
3814259
16592
1627378
8993740
3452387
173632
4121511
10370202
3006221
3040290
7526584
8847967
4676308
1470188
1483927
1291788
3838619
5320534
4513709
10713891
4205839
9390089
8761293
4076324
5402698
5187177
6294601
5632701
4861712
3328175
8818510
6228776
7573384
8199958
6228772
3536420
11197973
2017594
10371130
489840
2608113
6387815
7998660
4986992
8573404
6754413
2560205
4283324
10389070
4266415
1630354
4010950
2967051
4197426
1077625
1379541
7180341
3380217
2544036
6502821
7104136
10064295
4625161
7372903
7052298
9589584
4787719
2784153
10900296
4074288
10413373
3681074
6296606
3964128
3119145
9127648
6548844
6768740
6220215
2584456
3858124
1613444
5721908
2980645
7589345
2585320
2763389
3885116
9703695
8726259
734432
2303277
4452531
1541639
8081489
5998819
7174612
3333745
8294470
1012372
2308589
11318155
8456163
11219227
3197700
4417388
8967992
561520
5151534
8625834
3193149
8446166
5326877
7899766
7929973
2982139
5731800
5762659
2195467
9518482
6233604
4353250
8487543
5749588
7153645
4058750
9045478
9774503
1793673
4038000
3708927
9663951
7122321
5593523
4052864
606108
3248521
5165925
10752990
3859060
2849646
1557513
7093391
9337572
9104507
7804580
5390089
9026213
8435069
7758126
4458006
1937592
1787413
5115432
1808976
2025572
2762704
3530678
3589488
6722836
8593112
7296901
9361759
9860904
6003372
11267568
11290364
8385381
6540034
10385047
9479277
6351809
4525335
8936025
6742555
9734680
4046526
6887367
10134939
4920489
8217744
2230678
1672855
4894783
6077086
10677773
9704079
3930769
7423685
8205313
7566096
6099785
2460318
6754607
2638656
8003979
6232980
2096543
3734564
4431218
8952604
4925377
10419142
4348539
2764379
5277945
7237086
5895722
1674043
2648685
2859504
4898030
4191733
9285263
8555536
1933104
880317
2603115
1128126
10179853
11157349
1613659
2456241
3082523
1784511
4732917
5688554
1935852
1935853
8843980
4389247
9923018
7125514
9508418
9249170
3388988
4011963
4934054
3665143
9622567
1876064
7824283
8332666
3123783
1700658
4158822
9301789
4196211
5235966
8842633
5615409
8585850
9064822
5333544
4031167
5863031
267364
7457197
1935501
1964085
5815677
6705357
1911243
2802021
311668
1895439
1107426
591885
2777006
8343548
8210569
7395243
9406162
4777346
2123927
5996088
1276118
4860609
9423883
4569706
8936616
5237060
2331091
7720592
2247950
8600769
9984149
1365255
8938871
2484184
1879229
9106623
6127619
10131472
2443423
5048009
10621694
9638873
9416294
7741031
8284181
5935081
11249198
1449548
523758
8117612
4052410
4781364
6805083
7336018
10058322
1199775
1893295
7856526
4059499
4464979
2525154
10932052
2999980
8485803
1659636
7979780
803691
1868253
10176125
6854949
1825201
7979682
2142326
3005638
10172971
5638517
8352431
6754166
5048915
5809356
5061958
3120559
10500757
1003804
9100570
9024974
7194719
1695819
2333795
9648642
8214103
8034852
4320259
2970920
8019763
9726019
4523220
2940047
11126164
5982029
3626147
6282493
3625487
3079752
7885393
6244777
8729103
7849022
2263075
6122427
4244591
10728238
5901148
5954747
2307134
9265972
203822
7738990
275600
2743332
6287514
8876753
2985415
432453
9644749
4222799
2226173
1516414
2868334
10902946
6750842
4183884
9756400
7595443
1381368
2046969
5371834
9142772
137908
8029030
3143196
955834
3160359
4101448
6870168
2986855
3218303
9547462
8730596
7557752
729765
10968926
10739281
7303196
8421411
7236217
4943688
8367955
10724235
2839424
3366084
3533385
6645305
2232685
4902774
10778476
2538178
5966996
7990234
1588179
10420671
4040559
7226834
2541192
9516444
10141497
9390837
4545409
5319596
4603710
8052090
2457457
10326052
10518601
8789407
9552815
5654533
9887102
9034023
7496005
10043289
2442109
7815007
4013808
7936568
8335724
1285431
1879072
5044015
5382128
4869507
9560800
8825213
3285721
5623171
7602136
4341259
10556085
2373430
8415953
5564169
5426948
6292484
8184364
3384648
6406432
10984143
6786255
8838923
696519
8611763
9441694
2746191
2845378
10093922
2844429
10116383
8577089
4125625
9953504
5806328
3582582
4551875
4388607
6566997
1697432
10553104
7705513
6679238
7511487
652578
7089379
7956754
2884655
764908
4346260
422395
9978520
8972213
8340499
1135027
6797870
4047413
9067824
5428743
6782556
10728931
6452340
5645686
9591327
1183240
3586139
1917723
10520503
10691753
7820352
8870415
2267012
10794900
10133816
6730329
9790701
8958609
7120223
7892894
9764327
4021114
2328073
6942647
8482057
6612495
7651597
9735751
6036739
8804035
7998276
2407469
9740464
3723752
6756662
10304209
7806539
7276450
2816716
626352
8104982
1692716
2218747
2817040
8755195
6836748
2495135
7236916
2491163
258658
3376634
2392968
5353806
3967329
2741617
9752583
7599258
10137154
7913139
9716158
1189583
1304921
6640749
284266
1315135
1662202
4868805
7829471
5044220
5034341
5017914
5175601
2166647
4361485
9277304
2351504
7008533
8748039
8247586
8795236
1209373
8784607
7491882
10387704
1677292
4048531
2992699
410844
4890810
776906
8389821
761272
4006009
1019446
7829383
7506250
6823088
10308524
2432638
3680949
7364521
9905000
6395715
8313859
4242316
6619650
3751263
6415288
2234120
4768273
3591465
1971936
4673532
6662496
2482022
7579515
1912726
8466467
10106491
2347052
4147091
11041537
7864159
6337935
5717150
7860104
5768893
9778821
5544954
3913393
9681817
7870663
2860503
1496465
7962769
2692835
2286473
565847
10298356
9008658
10709439
6875475
8444286
6057673
10607474
3854386
10701608
2060731
7555864
4824525
1011912
6712249
3679926
10343588
900231
4737157
4119097
8051188
6228986
1969630
8863541
8197715
4422659
5856476
1613400
5769949
9799412
1760515
9923261
3229094
5822886
7786613
4269815
1781911
11243918
1145014
7616973
4938606
7432634
9937387
9202968
6142623
3451334
5976661
3581021
4465332
10475787
367694
9345877
3624007
604093
8912053
4132572
3317492
6431595
8675666
7405821
1071628
447233
6764488
8629654
7223136
2193764
2193760
3378446
5596398
9151252
5384973
9264364
3008613
5274845
7208390
10733721
1855676
8020089
9860527
9374935
5432602
10497348
3123626
6538012
3483320
1209496
3979403
5766878
6981180
2945893
1720643
7266815
6210770
6483633
1493201
3691490
26426
5618772
10502327
3727515
8340063
4767025
3682026
1857501
7304603
4406215
1774556
9000467
6238099
2370285
5790260
9920179
6247763
5357390
8281969
1230840
830100
6662822
2120524
6074600
9222522
9560822
2327136
4581763
6249804
4636593
3600427
10058515
592893
9004490
5268773
11055722
3755104
649553
4833372
4707969
2846716
10272685
2647017
2241519
2952862
5728955
6188412
5479873
4151570
4865085
6896182
4842321
7751401
1977996
5967456
7723350
1173941
4115652
7767764
10243270
9728966
3117283
7138898
2338598
4952108
2564713
3451834
4467097
10489373
3798218
4061200
6956079
6686331
5494007
5981056
7714396
3955248
7967956
6030471
5223844
4861547
654749
5494480
5228345
7852164
2017760
6453414
11147753
1114787
1260251
6610783
1382487
4612469
3033592
5032156
7002614
10666578
10461042
2178453
2778009
1838485
3775059
10035674
10118235
4867080
8783393
8058809
4955452
8046969
3918700
5876544
2470520
6195439
3323121
2218728
3068934
2832138
4448224
8447133
9283407
1889215
3018605
803119
6877993
4765469
10336311
8242967
6331801
8242963
1613616
1834909
3377870
8372686
1448836
7442900
10101881
4057913
8337112
2843178
3537582
8343589
3493726
8700371
3662458
9851075
10100681
6481311
6516620
6052089
394495
4097243
10790788
3946451
1707341
1681795
7714809
1217911
8020740
1840381
7034845
9639126
5451359
8235662
4441091
396754
8821234
5952255
5827343
8063459
1823943
5112608
4439818
10340031
4896763
7366147
10788652
10166227
3433844
8100619
1135873
2374752
5014156
9277850
11040315
1582590
10616649
10157485
10843475
5625062
2404458
2233827
7740400
3801387
9651297
1732726
6742742
7652638
1458416
1672397
1853726
4240876
3210696
2840390
7841490
10750434
1913116
5100113
2553524
9459590
8021594
2517553
9060940
3452096
7761650
6658658
3313167
10375588
7336948
9116735
7415028
1387612
4077436
9613719
7020874
4529706
6960451
8536523
3136570
9551007
8602473
1386971
5273294
3476920
4713546
5990507
7903665
8471829
7967036
9619304
549877
4734142
4731894
3810264
8000359
1548640
7226659
10599712
251344
10006704
2389683
1081924
9375478
539606
3723779
3887489
5545703
2195996
8621409
9370390
8247689
8367916
1735196
3494891
4050443
2125722
5274862
1709932
6695057
6387387
1891499
9988959
10084325
5438043
3749694
2841949
9230997
1602265
3386529
3629195
7990907
502482
6315672
9406718
5191488
9038597
8922584
2469295
7168804
3785932
6913308
10679194
11027358
2058107
4570644
9020280
8804505
7151951
1178417
9599706
7160358
2781064
7869231
11117698
8375976
6299061
3116930
9023882
7757141
9635812
9162017
4545913
7458823
8285409
3861212
2202196
1406382
11179705
9647140
9225227
1518418
1895130
5014815
1827658
10856367
8559481
9042398
10082729
6338034
2239563
4761158
10109996
4420289
1717735
9363804
6758560
7613131
2914850
4915442
1893390
7563767
8423606
10976582
6375275
4250234
1190543
4151598
1190544
6992035
5458059
7522174
8920210
4497120
10248284
10136908
9727229
4978579
8976698
11067169
404046
5887295
9666786
3160120
2361720
8688407
3516954
236367
5417518
4786148
1886323
4936474
10047866
7861955
1355847
3917315
8475531
9232900
2658180
6447409
10274986
2287916
3348772
9587307
9410139
9250373
4934305
8874297
9444356
3505442
6947417
3079635
2565462
1952550
9085515
7272568
5470982
3440484
10911605
2438926
2633570
5744701
10877161
76602
4255462
400816
1179614
9965232
3828200
4948427
7048643
1310701
7911394
232067
6404096
10486822
10657701
4514465
10480792
3067891
5401888
5332297
10115580
5184016
6289766
8986789
8876586
4058601
11222552
3324947
1612015
4300534
3557202
9612208
1546043
4194581
4181562
9085212
5661231
6954106
1773156
6842018
8097967
7795153
374454
2639720
5210203
9623670
9547140
2388037
8903260
5741866
5059529
5394002
11176874
7588847
8280132
7598671
1571212
5593139
4770155
8599131
3117980
977125
5087936
1788404
6538221
5981572
4393330
2841775
7425667
4538229
4628340
7578683
10544796
3020816
3742671
1032122
6110562
10272766
7551135
6797647
7398424
9239680
3495425
3956865
6983621
1399136
9553464
8506047
2711916
2304968
720872
5931761
6988578
3159860
9389491
7220630
2580598
9822604
3073348
4729023
4519807
7142630
9634469
5423416
6546880
1585733
11131158
2488837
8764537
6325703
6017959
1797474
9440713
4762663
3239744
3943752
3909786
1441422
11211556
7561428
6072623
8820177
8598206
9253498
1717448
6192039
6371092
4456877
8075516
1363095
1959953
5235040
5294168
9761584
3073165
4366465
8181940
7820270
4728579
4212728
7581930
1236952
3930217
2403691
4615020
6861994
1930096
2086478
8678457
3500881
9894549
4351932
8077593
3333216
10265795
5404423
10994754
7993005
1981666
8335745
4197576
5528237
6918335
2648925
7808617
9773240
8824691
4080017
1760117
5301806
2879300
8160024
2906386
2186388
6497230
7764469
5221515
4607862
1283381
9771069
4571061
4977354
6552595
8459084
6955778
6955777
3314188
6631786
5887822
9123691
7271784
3769936
3319808
3259350
4269203
7169374
10657065
5527906
10536079
10027869
10469767
294814
6181491
6641937
10325702
